1.375
1.3498333333333332
-0.577
-0.6196666666666666
-0.344
0.1506666666666667
-0.542
-0.45275
-0.195
1.425
0.6123
1.3185
0.2991666666666667
-0.395
1.4685
0.33008333333333334
1.351
1.3595
0.34571666666666667
1.0623333333333336
0.46360000000000007
1.4615833333333332
-0.277
1.475
-0.501
-0.913
1.1614166666666665
1.0299166666666668
1.3865
0.3850833333333334
-0.32483333333333336
0.2416666666666667
1.189
1.3285
1.266
1.3065
0.089
1.12425
-0.435
1.2840833333333332
-0.449
1.2613333333333332
1.2035
-0.02975
-0.593
1.319
1.17725
1.286
1.3075
1.12425
1.4263333333333332
0.8773500000000001
1.376
1.2745
-0.3035
0.5216833333333334
-0.706
1.299
1.2695
1.1655
-0.24283333333333335
-0.376
-0.2775
0.544
1.05975
0.80725
1.2295833333333333
1.26425
-0.032400000000000005
0.9195
0.53
-0.718
-0.472
-0.421
0.5551666666666666
1.358
-0.426
1.4245833333333333
0.4215
-0.07666666666666666
1.5061
1.1879166666666665
-0.1988333333333333
1.18125
1.5095
1.0945
-0.569
1.2335
1.1855
-0.380875
0.044500000000000005
0.80725
1.24825
1.19125
0.1815
0.34808333333333336
0.5765
-0.0975
1.19175
0.75475
-0.604
1.122
1.3744166666666666
1.3908333333333334
1.30725
-0.598
1.22775
0.32583333333333325
1.33985
-0.1432
0.6149166666666667
-0.3335
-0.5006666666666666
0.013750000000000004
1.24925
1.3285833333333332
-0.5368333333333333
0.012000000000000004
1.3125
-0.455
1.016
0.2265
-0.367
1.318
1.423
0.5025
1.493
1.303
1.2465
1.306
0.28
1.0855
-0.295
1.08475
-0.4603333333333333
1.331
-0.122
1.11775
0.2833
1.461
-0.585
-0.45433333333333337
0.102
1.07325
0.23241666666666666
1.28475
0.4345833333333334
0.27183333333333337
1.3283333333333334
-0.652
0.859
-0.254
1.057
0.3955
1.2664166666666665
1.05875
1.38725
1.2990833333333334
-0.5113333333333333
1.268
1.3545
1.3404166666666666
1.10925
-0.5008333333333334
1.29175
0.484
1.3853333333333333
-0.303
1.2165
1.168
1.28125
1.3395
0.4785
-0.2773333333333333
1.16175
0.44775
1.11775
1.1865
1.389
-0.369
1.26625
1.12225
0.5065
1.3025
0.8095
1.2155833333333332
-0.438
-0.5593333333333332
1.3075
-0.0085
0.4425
1.27925
1.1745
1.2905
1.283
1.378
0.836
0.5355
1.229
1.307
1.46875
1.11875
1.4878333333333333
1.1765
-0.4345
1.1569333333333334
0.2175
-0.63
1.389
0.4925
1.133
1.2389166666666664
-0.303
1.1455
1.3158333333333332
1.25275
1.27625
-0.307
1.2625
-0.42866666666666664
0.8615
0.51075
1.2475
-0.5970333333333333
-0.641
1.1165
0.24080000000000001
-0.5006666666666666
-0.446
1.339
1.2713333333333332
0.35075
1.06325
-0.331
0.5471666666666666
-0.17916666666666667
-0.604
-0.501
-0.2916666666666667
1.4480833333333332
0.42125
1.3095
1.3525
1.563
-0.3785
1.206
1.312
-0.3515
1.405
-0.075
1.2545
1.2990833333333334
0.3373333333333334
-0.375
1.444
1.4174166666666665
0.4255
1.276
0.18433333333333335
-0.646
0.459
1.326
1.1913333333333334
0.561
-0.5285
1.2483333333333333
-1.4362000000000001
0.041
1.351
1.09425
1.1355
0.04708333333333334
1.041
1.42475
1.3808333333333334
1.4408333333333332
-0.604
1.2465
1.4155
0.2813833333333333
0.5341666666666667
1.5158333333333334
1.15225
0.025583333333333336
1.18075
1.091
1.22475
1.28275
1.417
1.08325
1.266
1.151
1.304
1.188
1.255
1.1305
1.37725
1.1715
1.4815
-0.25925
-0.135
-0.605
1.426
0.4741666666666666
0.15916666666666665
1.1515
1.0744166666666666
1.2975
-0.397
1.228
1.23025
1.2255
-0.485
-0.529
1.2425
1.2648333333333333
1.2344166666666665
1.2443333333333333
1.16175
-0.617
1.15325
-1.004
1.2360833333333334
1.3055
1.24
-0.365
1.2890833333333334
0.14483333333333331
-0.041833333333333333
0.18183333333333335
-0.2345
-0.6886666666666668
1.1605
1.17125
1.1896666666666664
-0.45933333333333337
-0.43
-0.454
0.7899166666666667
1.332
-0.099
-0.28475
1.16175
-0.02376666666666667
1.4186666666666665
1.4073333333333333
0.80725
-0.3675
-0.0875
-0.635
-0.44366666666666665
-0.0285
-0.2880666666666667
0.4935
-0.26466666666666666
0.2115
1.47
1.1575
1.3519166666666664
1.3633333333333333
1.382
-0.376
1.1620833333333336
1.3625
1.062
1.2070833333333333
-0.392
-0.953
1.4025
1.4985
1.01625
-0.2928
1.2144166666666665
1.4195
1.2895
1.4764166666666665
-0.6045
1.1654166666666665
1.417
-0.843
1.33
0.4925
1.231
0.3371333333333334
0.42708333333333337
1.2615
1.257
1.4245
-0.0385
0.0006666666666666714
0.23863333333333336
-0.574
1.397
1.3258333333333332
-0.441
-0.4606666666666666
-0.378
-0.458
-0.088
-0.5103333333333333
0.44666666666666666
1.3255
1.3388333333333333
1.2345
-0.5632
-0.623
1.23775
1.487
-0.503
1.161
1.09025
-0.527
1.35475
1.15275
-0.1333333333333333
1.2055
0.4805
0.5335
-0.5073333333333333
0.5155
-0.48775
-0.28475
1.15625
1.18525
-0.43
1.11325
0.5195
1.274
0.25388333333333335
0.3671666666666667
0.5995
1.22175
-0.566
1.184
-0.07366666666666666
0.09333333333333334
-0.326
0.24883333333333335
1.2165
1.2699166666666666
1.284
-0.376
0.015416666666666672
0.49333333333333335
0.04983333333333334
1.308
1.3285
1.31875
-0.481
1.02525
1.081
0.21813333333333335
-0.495
0.0063333333333333375
-0.5563333333333332
-0.48366666666666663
1.3855
0.16758333333333333
1.145
1.157
-1.006
-0.049
1.2365
1.2219166666666665
-0.4025
0.07475000000000001
0.2878333333333334
-0.4666666666666666
1.184
-0.314
-0.431
1.23525
1.1329166666666666
1.2485
1.461
-0.316
1.2905
1.4798333333333333
1.339
0.871
1.4605
1.437
1.3403333333333332
0.22725
-0.401
0.5375
1.013
1.434
-0.5977
0.3374166666666667
1.24925
1.2183333333333333
1.3925
-0.45933333333333337
1.35225
0.14226666666666665
-0.512
-0.178
0.97975
0.8599166666666669
0.09926666666666666
1.28325
-0.5603333333333332
1.3968333333333331
0.5235
-0.17836666666666667
-0.12
0.5409666666666667
-1.093
1.2064166666666665
0.96
-0.02825
1.2725
-0.5053333333333333
-0.615
0.4945
1.10375
0.7523666666666666
1.1835
1.4103333333333332
0.19508333333333333
1.09425
-0.3835
1.2755833333333333
-0.5195
1.2195
1.5245
1.391
-0.4378
-0.063
-0.636
-0.03
1.3215
1.3178333333333332
-0.47586666666666666
1.369
0.3516666666666667
0.3099166666666667
0.34971666666666656
1.2460833333333332
-0.349
1.238
-0.4543333333333333
1.2785
1.03825
0.4149166666666667
1.04625
1.1285
1.2564166666666665
-0.4
0.27175000000000005
1.2975
1.302
1.2885
-0.373
1.4835
-0.0115
-0.39333333333333337
1.2275
1.4315
1.1614166666666665
1.05
-0.492
1.4375
-0.446
1.2135833333333335
1.18125
1.28
1.445
1.37775
1.455
1.1348333333333336
1.379
0.03958333333333334
0.4465
1.09425
-0.6306
-0.356
-0.666
-0.26616666666666666
1.1665
-0.435
1.184
-0.365
1.155
1.3605
0.28866666666666674
-0.408
-0.5115
0.22725
1.3675
-0.2886666666666667
1.154
1.3961
0.3295833333333334
1.3235
1.21625
-0.4485
1.4045
1.429
-0.523
0.89725
1.39875
-0.4805
1.4255
0.4465
-0.252
1.3648333333333333
-0.465
1.5843333333333331
-0.6601666666666668
1.307
1.187
0.3844166666666667
0.5295
-0.4641666666666666
-0.604
1.47
1.4405
-0.452
0.40235
1.1489166666666666
-0.5115
-0.43066666666666664
-0.5553333333333332
0.89725
1.249
-0.43083333333333335
1.1745
1.35
-0.305
0.008166666666666671
-0.5746666666666667
1.3585
-0.006083333333333329
1.193
1.4313333333333333
0.3618333333333334
0.34455
1.38475
0.8785
-0.24283333333333335
0.7905
1.5938333333333332
1.4135
1.3274166666666665
1.08425
1.184
-0.409
1.1335
1.362
1.2314166666666666
1.5008333333333332
-0.5331666666666667
0.31883333333333336
1.632
1.4055
1.3045
1.445
1.3995
0.19483333333333333
0.2758333333333334
1.5245
1.2923333333333333
-0.448
1.144
1.197
-0.562
1.32725
1.351
-0.425
-0.492
0.1686666666666667
-0.369
1.46
1.4325
1.4435
1.06
0.7885
1.2075
-0.19926666666666665
0.9145
1.155
1.40975
-0.5457333333333334
0.10508333333333335
1.307
-0.2194
1.48425
0.28850000000000003
1.23375
1.2938333333333332
1.09875
1.28275
-0.5948666666666667
-0.6143333333333334
0.16375
-0.0033333333333333357
0.5695
-0.378
0.30763333333333337
1.436
1.2240833333333332
-1.253
1.1238333333333335
-1.02
1.1655833333333334
1.3100833333333333
-0.419
-0.5153333333333333
1.3935
1.3419166666666664
1.2665833333333332
-0.365
1.3415
-0.529
1.2429166666666664
-0.1025
-0.4855
0.88875
0.20725
1.3825
0.4581666666666666
-0.429
-0.04025
1.5698333333333332
1.487
-0.593
0.4345
0.006
1.18475
-0.315
1.2230833333333333
1.1055
1.25575
-0.07775
1.318
-0.517
1.3744166666666666
1.3075
0.24108333333333334
1.18125
-0.119
1.189
1.15675
1.15625
1.2069166666666664
0.5221666666666667
-0.385
1.4909166666666664
1.12225
1.1865
1.41025
0.5811666666666666
-0.384
0.409
0.31075
-0.4285
0.13316666666666668
1.3344166666666666
1.3696666666666666
-0.084
0.6453333333333332
-0.03
0.7095
-0.392
0.06991666666666665
-0.104
0.552
1.3259166666666664
1.3419166666666664
1.32225
1.2425
0.023083333333333334
1.2135
-0.49
-0.0255
-0.574
-0.4953333333333333
1.25775
-0.5
1.2855
1.246
-0.0745
0.4895
1.2720833333333332
0.18483333333333335
1.283
1.301
1.21125
1.2735
1.4
-0.505
0.968
1.239
1.18425
1.2513333333333332
-0.0255
1.3189166666666665
1.3845
1.15925
0.417
0.36733333333333335
1.33325
1.419
-0.4415
0.48216666666666663
0.95675
0.28608333333333336
-0.139
0.14925
-0.021616666666666666
-0.5466666666666666
1.4891666666666665
1.42375
1.3375
1.3105
0.4224166666666666
-0.4115
0.5245
1.177
1.3735
1.49
0.3449166666666667
1.3285
1.243
1.0403333333333336
1.2492499999999997
1.228
0.3814166666666666
-0.626
1.2564166666666665
1.3025
-0.11191666666666665
1.3270833333333332
1.2975
-0.5115
1.1075
-0.135
0.8095
1.2315
0.052833333333333336
0.21975
1.299
1.3565
-0.532
-0.4526666666666666
1.2755
1.19575
-0.417
-0.1875
1.2993333333333332
1.1665
1.14025
1.0299166666666668
1.3113333333333332
1.204
1.275
1.1365
1.33525
1.2135833333333335
-0.4245
1.40475
0.19691666666666666
0.856
0.106
0.5995
-0.5673333333333332
0.359
-0.384
1.3715
0.23216666666666666
1.32125
-0.6592
1.242
1.26
-0.5006666666666666
0.3015833333333333
0.5185
1.15
1.0485833333333334
-0.466
1.294
0.32583333333333336
-0.15175
1.15025
1.1853333333333333
1.1765
-0.297
1.0784166666666666
1.371
1.22525
-0.06516666666666665
1.2155833333333332
0.25525
-0.5705
1.2745
0.6877500000000001
0.47775
0.4755
1.2443333333333333
0.014250000000000004
1.20325
-0.47766666666666663
-0.321
0.0026666666666666713
-0.519
1.4235
1.2275
-0.521
1.08425
1.161
1.31325
1.2095
-0.386
0.3796666666666667
0.8021666666666667
0.035
1.1895
-0.429
1.08425
-0.355
0.3968
-0.461
1.3175
1.174
0.20725
1.3475
0.208
-0.3633333333333334
-0.391
0.0185
0.5455
1.364
0.405
1.2465
1.289
1.373
1.1291666666666664
0.42675
1.3209166666666665
0.638
-0.50125
0.3988333333333334
-0.606
1.1854166666666666
1.2795
1.3
-0.15590000000000004
-1.129
1.38275
0.48916666666666664
-0.292
