1552 2781 Normal
1771, 2781, 3
1753, 2781, 21
1488, 2781, 23
1488, 2781, 23 
1431, 2781, 24 
1393, 2781, 25 
1623, 2781, 26 
1569, 2781, 27 
1474, 2781, 33 
1245, 2781, 36 
1858, 2781, 52 
1677, 2781, 54 
1604, 2781, 55 
13, 2781, 56 
0, 2781, 57 
0, 2781, 58 
1315, 2781, 64 
0, 2781, 67 
1770, 2781, 2 
1395, 2781, 22 
1479, 2781, 30 
1243, 2781, 53 
1711, 2781, 61 
0, 0, 56 
0, 0, 57 
0, 0, 58 
0, 0, 67 

Mean: 3.4445601340800835
Stdev: 1.9982411751748907
1 stdev above: 5.442801309254975
2 stdev above: 7.441042484429865

x > 5.4428 (1 stdev above)
338 / 486 = 69.5%


x > 6.4419 (1.5 stdev above)
129 / 153 = 84.3%

x > 4.4436
658 / 962 = 68.4%