2.8865999999999996 
6.566799999999999 
10.493200000000002 
6.065900000000001 
3.1134000000000004 
1.4332000000000003 
5.946600000000001 
6.065900000000001 
8.5034 
3.1134000000000004 
1.4332000000000003 
6.611400000000001 
3.4332000000000003 
5.534600000000001 
9.5978 
6.566799999999999 
8.6746 
6.932300000000001 
4.1213999999999995 
2.3740000000000006 
3.6750000000000007 
4.6114 
1.1134000000000004 
0.6543000000000001 
3.534600000000001 
1.2641999999999998 
6.065900000000001 
7.0120000000000005 
2.5946000000000007 
3.9912 
5.5978 
6.566799999999999 
5.4332 
4.8866 
5.4332 
5.437600000000001 
5.2935 
6.568200000000001 
4.1404000000000005 
5.6080000000000005 
5.956799999999999 
7.606600000000001 
6.6782 
6.505599999999999 
7.5412 
3.541199999999998 
6.566799999999999 
2.955799999999999 
7.5978 
3.7582000000000004 
7.7332 
4.1404000000000005 
7.6714 
1.7582000000000004 
4.735 
4.0582 
2.543000000000001 
5.5978 
5.4914000000000005 
0.9982000000000006 
0.5448000000000004 
5.4332 
1.1134000000000004 
2.0511999999999997 
5.443399999999999 
1.7582000000000004 
0.8865999999999996 
4.266 
3.606600000000001 
0.946600000000001 
2.3740000000000006 
0.8715999999999999 
7.6728000000000005 
8.177299999999999 
0.6066000000000011 
3.8038999999999987 
2.442400000000001 
6.566799999999999 
4.536400000000001 
2.1134000000000004 
2.1784999999999997 
6.2308 
1.4340000000000002 
4.3740000000000006 
1.9518000000000004 
0.9513999999999996 
0.9416876712328768 
0.9633123287671226 
4.605156164383561 
4.569912328767122 
1.2440438356164383 
0.2735561643835607 
4.605156164383561 
1.370643835616438 
1.0512000000000001 
0.8482438356164388 
1.5407561643835606 
2.6197123287671227 
0.9249561643835613 
3.4410684931506847 
4.605156164383561 
1.1375999999999995 
2.707956164383561 
1.166268493150684 
1.0825561643835617 
1.5795561643835607 
3.419956164383561 
4.104256164383561 
2.6197123287671227 
0.9249561643835613 
3.471556164383561 
4.609356164383561 
1.6562684931506833 
4.605156164383561 
0.45071232876712264 
3.7097561643835606 
3.540056164383561 
1.9849561643835618 
4.580112328767123 
3.713356164383562 
1.9818438356164378 
4.605156164383561 
3.6061561643835605 
1.1631561643835604 
1.9466000000000006 
3.568112328767122 
2.6197123287671227 
0.24180000000000001 
0.8098876712328775 
2.6113999999999997 
1.1279123287671227 
2.6211123287671216 
0.8098876712328775 
3.748112328767122 
4.605156164383561 
3.683312328767123 
1.5795561643835603 
0.4044876712328769 
2.2664438356164394 
2.104687671232876 
4.646624657534246 
1.2435999999999998 
4.643512328767121 
1.1654246575342464 
3.5099123287671237 
5.814912328767122 
3.5866246575342466 
3.7215369863013694 
1.1951123287671228 
1.2726246575342457 
0.14462465753424691 
4.646624657534246 
4.646624657534246 
3.684712328767122 
3.6833123287671223 
3.3702123287671215 
2.688112328767122 
4.643512328767121 
1.6946246575342458 
0.16237534246575303 
0.9352876712328766 
1.0512000000000006 
4.646624657534246 
4.663424657534245 
3.5099123287671237 
3.7512246575342467 
4.4932 
4.643512328767121 
2.428287671232877 
0.8866000000000005 
6.7870246575342446 
2.6145123287671224 
3.6633369863013696 
3.6713999999999984 
4.643512328767121 
3.559012328767123 
4.646624657534246 
2.4313999999999996 
4.9047369863013675 
0.6564630136986298 
4.094124657534245 
4.416487671232877 
2.746312328767122 
2.428887671232876 
3.115412328767123 
3.578412328767122 
4.643512328767121 
5.814912328767122 
4.569912328767123 
3.5866246575342466 
2.6145123287671224 
0.8866 
3.2754369863013686 
2.893943835616438 
5.814912328767122 
5.891624657534245 
4.643512328767121 
4.811712328767122 
4.643512328767121 
4.811712328767122 
3.8248246575342444 
1.1381123287671238 
4.8884246575342445 
4.643512328767121 
4.831624657534245 
3.5830246575342457 
3.8279369863013697 
4.811712328767122 
2.6047999999999996 
2.7846684931506833 
2.381512328767124 
3.356487671232876 
3.509912328767122 
3.643424657534246 
2.381512328767124 
2.7731369863013686 
3.5978000000000008 
4.643512328767121 
2.6145123287671224 
4.142612328767122 
2.8997369863013676 
1.6113123287671227 
3.4332000000000007 
3.356487671232876 
4.646624657534246 
0.18213698630136976 
4.723336986301369 
1.3409123287671232 
2.1000246575342474 
1.6095999999999995 
3.6713999999999984 
2.3076630136986305 
1.6215123287671234 
2.764824657534245 
3.818224657534245 
3.675 
0.8866 
3.0016246575342462 
0.8194123287671227 
4.643512328767121 
0.7331753424657532 
2.4776246575342458 
2.7343369863013685 
0.034312328767123645 
1.6179123287671229 
0.532575342465754 
0.3952246575342464 
0.9633123287671239 
3.356487671232876 
4.643512328767121 
0.12299999999999978 
1.5023999999999988 
4.643512328767121 
3.159924657534246 
2.1792 
0.030175342465752486 
4.643512328767121 
0.9633123287671235 
1.012 
3.5081999999999995 
2.746312328767122 
3.7481123287671214 
0.8098876712328771 
1.483 
1.204624657534247 
4.643512328767121 
3.241419178082192 
0.694819178082192 
1.980819178082191 
0.5876191780821918 
4.758580821917808 
2.214480821917808 
3.241419178082192 
4.876761643835617 
3.9513616438356163 
4.257680821917808 
1.5411999999999995 
1.4799191780821923 
3.6249808219178083 
2.266000000000001 
0.12299999999999978 
3.8565808219178086 
6.6336 
3.698580821917808 
0.7692616438356166 
0.32758082191780824 
3.863180821917808 
0.5030383561643839 
1.7329808219178076 
5.3716191780821925 
1.880219178082192 
0.7793999999999999 
4.261880821917807 
4.758580821917808 
4.257680821917808 
1.2701616438356158 
0.8866000000000005 
4.758580821917808 
2.861380821917808 
0.694819178082192 
0.9454191780821914 
0.31125753424657576 
4.758580821917808 
4.758580821917808 
0.19538082191780815 
2.6696 
1.2701616438356158 
3.2414191780821913 
1.3099808219178088 
0.5030383561643839 
0.8866000000000005 
3.6934808219178077 
4.854471232876712 
4.9267808219178075 
4.9267808219178075 
2.351219178082192 
1.291219178082192 
3.6713999999999998 
1.0512000000000006 
3.053161643835616 
2.7383808219178087 
0.6341808219178082 
0.5657808219178082 
0.5657808219178082 
3.6249808219178075 
1.9247616438356157 
1.9466 
1.6941808219178074 
4.684980821917808 
6.015361643835616 
2.738380821917808 
3.1814383561643838 
1.9247616438356157 
4.048361643835616 
3.863180821917808 
1.6941808219178074 
4.758580821917808 
4.859780821917807 
3.241419178082192 
0.40620000000000056 
2.6696 
2.477819178082192 
2.887761643835616 
4.886961643835616 
3.863180821917808 
1.8859616438356155 
1.5359999999999996 
4.796936986301369 
4.796936986301369 
3.838136986301371 
3.9633369863013685 
4.796936986301369 
0.5832739726027407 
3.66333698630137 
5.128273972602738 
1.4375999999999993 
4.796936986301369 
1.5114739726027406 
0.7814999999999999 
4.131673972602738 
2.24393698630137 
3.663336986301369 
1.4625000000000008 
1.0803999999999991 
0.8342739726027397 
3.66333698630137 
5.134873972602739 
1.7416109589041096 
0.050463013698629045 
3.6307739726027384 
0.8191369863013702 
2.0137999999999994 
3.0548739726027407 
3.20306301369863 
3.3409369863013714 
3.8934739726027408 
3.66333698630137 
3.8934739726027408 
0.6860000000000004 
3.392573972602741 
3.8934739726027408 
3.905136986301369 
5.793536986301369 
2.1792000000000002 
0.6041369863013699 
1.070199999999999 
4.12361095890411 
2.3076630136986296 
3.148236986301371 
3.0233999999999988 
0.6937315068493155 
1.73253698630137 
0.6564630136986302 
4.796936986301369 
3.2326000000000006 
2.773136986301369 
0.10353698630136998 
0.11603698630136927 
4.796936986301369 
0.42632602739726 
0.13787397260274048 
4.796936986301369 
4.796936986301369 
0.6041369863013699 
3.89347397260274 
4.796936986301369 
3.6749999999999994 
4.796936986301369 
6.260410958904108 
1.1262000000000008 
4.796936986301369 
1.001668493150686 
5.425410958904108 
0.04800000000000004 
2.0014739726027395 
3.731836986301369 
4.953473972602739 
1.805726027397259 
2.0014739726027395 
1.0105999999999997 
3.6750000000000003 
4.796936986301369 
0.5184739726027408 
4.796936986301369 
3.594936986301371 
2.496136986301371 
2.1792000000000002 
2.6113999999999993 
2.0014739726027395 
3.36766301369863 
4.296036986301369 
4.953473972602739 
0.8391068493150686 
4.3343931506849325 
3.7016931506849318 
0 
2.8962136986301377 
1.5508931506849315 
3.9434931506849322 
4.271093150684933 
4.835293150684932 
2.8798931506849317 
1.5346000000000006 
0.618106849315069 
4.835293150684932 
0.34961369863013747 
3.148386301369864 
3.770193150684933 
0.6860000000000004 
2.497600000000001 
0 
3.7016931506849318 
3.1705000000000014 
0.34961369863013747 
1.1283999999999996 
0.29801369863013694 
1.155093150684933 
4.835293150684932 
4.835293150684932 
4.238679452054796 
2.8798931506849317 
1.0054000000000012 
3.9434931506849322 
3.671400000000001 
0.4175068493150693 
0.8866000000000009 
4.208386301369865 
2.6696000000000013 
2.039386301369863 
1.773606849315068 
3.4332 
0.34961369863013747 
2.812893150684932 
4.761693150684933 
1.3126931506849324 
2.9380931506849333 
3.6648000000000014 
3.9701863013698637 
0.026693150684931943 
5.831893150684933 
3.164706849315068 
3.671400000000001 
5.030186301369865 
4.835293150684932 
2.0393863013698628 
4.835293150684932 
4.493200000000001 
0.39149315068493173 
0.3112465753424658 
0.618106849315069 
2.0421 
0.24180000000000001 
0.3740000000000001 
3.9083863013698648 
1.3030000000000004 
0.5914136986301379 
2.0421 
2.540286301369863 
0.9109863013698631 
1.5346000000000006 
1.5714931506849323 
3.633293150684933 
2.8962136986301377 
3.758493150684933 
0.8574931506849315 
3.7016931506849318 
3.200793150684932 
1.7708931506849308 
0.1490136986301378 
2.8062931506849322 
3.7700931506849322 
3.671400000000001 
1.108999999999999 
3.3714794520547953 
0.2563863013698633 
1.1433931506849313 
4.835293150684932 
0.1454931506849313 
1.155093150684933 
3.939893150684933 
2.4410931506849316 
2.4372000000000003 
0.511101369863014 
3.7400493150684926 
4.873649315068494 
4.046898630136986 
4.873649315068494 
2.5126520547945215 
5.106898630136987 
4.873649315068494 
5.123698630136987 
2.447249315068493 
0 
4.873649315068494 
2.4617479452054787 
0.7371013698630136 
6.0450493150684945 
2.918249315068494 
4.873649315068494 
3.5109999999999992 
3.9818493150684935 
1.4829999999999997 
0.8350000000000004 
0.026249315068493484 
4.873649315068494 
1.5425246575342462 
0.5411999999999999 
4.873649315068494 
4.360347945205481 
1.3188493150684937 
2.86714794520548 
4.046898630136986 
5.106898630136987 
1.9466000000000019 
3.9046493150684927 
3.4331999999999994 
3.9716493150684946 
2.8446493150684935 
3.7400493150684926 
1.5002986301369874 
1.2540493150684924 
2.6696000000000013 
3.22534794520548 
1.5002986301369874 
5.106898630136987 
1.7147506849315075 
7.247298630136987 
1.8071479452054788 
3.784198630136988 
2.9764493150684945 
3.978249315068494 
0.5282479452054782 
0.3650493150684935 
3.784198630136988 
2.1548986301369855 
5.288298630136987 
1.1934493150684942 
5.175298630136988 
6.0450493150684945 
3.4331999999999994 
1.5023999999999997 
0.9209013698630137 
6.0450493150684945 
1.0689506849315071 
3.364550684931507 
2.3048 
0.7494986301369866 
1.6826493150684927 
2.9196493150684932 
2.0420999999999996 
0.9876986301369857 
0.6844493150684925 
0.026249315068493484 
3.701498630136988 
1.1934493150684942 
2.5728493150684946 
0.3740000000000001 
2.1160986301369853 
2.154898630136986 
4.873649315068494 
0.8748999999999993 
0.5874493150684921 
1.9164493150684931 
4.3057493150684945 
0.19084931506849356 
0.07885068493150715 
3.784198630136988 
0.3740000000000001 
5.876849315068494 
1.6964506849315066 
2.637010958904111 
2.8308109589041095 
4.02301095890411 
1.7908054794520551 
3.0879945205479453 
3.778405479452055 
4.838405479452055 
4.735 
5.36501095890411 
3.4332000000000003 
1.4390999999999998 
3.778405479452055 
4.28821095890411 
0.10340547945205492 
4.12361095890411 
5.42541095890411 
4.010005479452055 
0.8865999999999996 
1.7894054794520549 
5.908605479452055 
3.778405479452055 
2.0032999999999994 
1.9105164383561646 
1.5770109589041095 
0.5413945205479447 
3.0879945205479453 
4.912005479452055 
3.778405479452055 
0.5479945205479453 
2.8918054794520547 
4.912005479452055 
3.9430054794520553 
2.6113999999999997 
5.013205479452055 
3.2282109589041106 
3.1960109589041092 
4.12361095890411 
5.35841095890411 
4.468816438356165 
4.016605479452055 
0.587005479452055 
4.347705479452055 
5.42541095890411 
3.778405479452055 
3.2282109589041106 
3.3553054794520554 
1.2201054794520547 
2.0868164383561645 
0.5413945205479447 
2.6696 
0.393205479452055 
3.778405479452055 
1.302999999999999 
4.912005479452055 
3.9430054794520553 
3.778405479452055 
4.838405479452055 
2.5768164383561643 
3.36001095890411 
4.912005479452055 
3.0879945205479453 
4.411105479452055 
6.083405479452055 
0.09089452054794522 
0.8865999999999996 
0.8865999999999996 
2.144 
4.678199999999999 
3.4332000000000003 
0.8865999999999996 
0.6258054794520542 
3.9102054794520553 
4.020205479452054 
3.778405479452055 
2.192810958904109 
0.719205479452055 
4.285905479452055 
2.8146054794520556 
2.0420999999999996 
0.8262109589041096 
2.192810958904109 
4.912005479452055 
6.2538109589041095 
4.09141095890411 
3.638705479452055 
4.912005479452055 
2.611205479452055 
3.2775054794520555 
0.5413945205479447 
0.9577945205479441 
2.0868164383561645 
4.912005479452055 
2.0662109589041093 
2.192810958904109 
0.7486109589041092 
4.441635616438355 
1.7304356164383559 
5.337035616438355 
1.682517808219178 
0.3739999999999992 
5.9337534246575325 
4.988717808219177 
2.5945999999999994 
3.7969178082191792 
0.795917808219178 
1.1284000000000005 
1.308517808219178 
1.308517808219178 
5.5699999999999985 
4.988717808219177 
5.511835616438355 
3.930117808219177 
2.6048 
4.096917808219178 
0.5601821917808221 
1.9631178082191774 
5.991917808219177 
1.1284000000000005 
3.026717808219178 
3.8551178082191773 
5.337035616438355 
3.855117808219179 
4.093317808219177 
1.3589178082191777 
4.441635616438355 
3.7154178082191773 
6.000753424657533 
2.1792000000000002 
5.412035616438355 
4.277035616438357 
3.026717808219178 
1.2642000000000002 
0.35711780821917793 
3.855117808219179 
4.277035616438357 
0.37399999999999967 
3.513435616438355 
4.988717808219177 
3.855117808219179 
4.493199999999999 
1.308517808219178 
0.8918356164383558 
3.855117808219179 
2.0764821917808223 
3.513435616438355 
3.8551178082191773 
2.5429999999999993 
4.424517808219178 
4.988717808219177 
3.381635616438357 
4.988717808219177 
2.435717808219178 
2.6732000000000005 
0.04276438356164336 
1.895035616438356 
4.093317808219177 
3.340017808219179 
0.5069643835616433 
0.8284000000000007 
3.1098356164383563 
1.308517808219178 
3.855117808219179 
4.4878178082191775 
2.1210821917808214 
3.1680356164383556 
0.7025178082191781 
3.5960178082191785 
1.1192821917808216 
0.46468219178082215 
4.515235616438354 
3.592417808219177 
2.726717808219177 
1.9243178082191776 
1.0119999999999996 
1.343182191780821 
1.073799999999998 
0.8866 
0.4737178082191775 
1.4661178082191793 
4.076435616438356 
4.390035616438355 
2.9275178082191773 
3.923617808219177 
0.43071780821917827 
2.385035616438355 
4.450435616438355 
5.337035616438355 
0.4219178082191779 
0.04276438356164336 
2.368517808219178 
3.1344136986301367 
5.103786301369863 
0.778786301369863 
5.103786301369863 
0.9109863013698631 
1.5447999999999995 
3.0411863013698635 
5.103786301369863 
1.4235863013698626 
3.862986301369864 
0.7759589041095882 
1.483 
0.778786301369863 
1.315772602739726 
2.4497726027397255 
4.602886301369863 
2.4975589041095887 
3.079986301369863 
1.2097726027397258 
0.8865999999999996 
5.103786301369863 
4.144986301369863 
3.7369726027397268 
0.8866000000000005 
4.602886301369863 
4.211986301369863 
0.18737260273972556 
3.0696136986301368 
5.103786301369863 
1.9567999999999994 
3.4331999999999994 
4.602886301369863 
5.567172602739726 
3.67635890410959 
4.507172602739725 
3.5978000000000003 
5.103786301369863 
0.2805999999999993 
3.707486301369863 
3.9701863013698624 
2.490013698630136 
1.0986273972602731 
4.208386301369863 
3.1705 
3.4900000000000007 
2.4299999999999997 
1.4235863013698626 
4.602886301369863 
3.5729726027397257 
0.24451369863013683 
3.131586301369863 
0.778786301369863 
3.9701863013698624 
5.5634 
1.9605726027397257 
1.0091726027397256 
0.3740000000000001 
5.567172602739727 
3.745284931506848 
2.5429999999999997 
6.313542465753423 
5.6438849315068484 
1.5807424657534241 
1.896342465753424 
5.068542465753424 
5.142142465753424 
1.615084931506849 
5.310342465753424 
1.363 
4.4932 
2.6114 
4.183342465753424 
4.173142465753424 
5.885684931506848 
0 
4.757284931506849 
3.6713999999999993 
6.313542465753423 
4.240142465753424 
3.430984931506848 
4.008542465753424 
5.6438849315068484 
4.583884931506849 
1.3858849315068476 
4.583884931506848 
2.5378000000000007 
5.142142465753424 
3.9178575342465756 
4.173142465753424 
4.748484931506849 
0 
5.142142465753424 
2.1165424657534238 
1.9624575342465764 
3.0831424657534248 
1.2672849315068482 
3.656284931506848 
4.008542465753424 
1.1261999999999999 
0.4523424657534241 
0.28059999999999885 
3.0224575342465756 
1.5023999999999993 
3.433199999999999 
0.2640849315068481 
3.4332 
2.356957534246576 
2.3048000000000006 
5.142142465753424 
2.201884931506849 
2.6695999999999995 
0.8171424657534243 
6.219227397260273 
2.2659999999999996 
5.106898630136985 
1.500298630136986 
5.720597260273971 
4.825197260273972 
4.046898630136986 
5.447695890410957 
5.2882986301369845 
4.285098630136984 
4.6605972602739705 
0.8525013698630137 
2.504199999999999 
2.727695890410958 
5.180498630136984 
3.532197260273972 
5.106898630136985 
2.892295890410958 
5.106898630136985 
3.160298630136985 
5.180498630136984 
4.679598630136985 
3.0516986301369857 
3.0577013698630124 
3.6027986301369865 
2.4313999999999996 
1.6013972602739726 
5.180498630136984 
1.541199999999999 
5.180498630136984 
4.608997260273971 
5.1068986301369845 
2.4915972602739713 
1.8890958904109585 
1.3029999999999995 
4.8987972602739704 
4.115398630136984 
1.0948986301369859 
2.819501369863014 
0.5413972602739716 
2.8796986301369865 
0.9876986301369861 
0.27290136986301317 
4.616298630136985 
2.3649972602739724 
4.679598630136985 
0.11640000000000139 
0.43050136986301446 
0.1712986301369872 
3.7841986301369848 
4.773597260273971 
0.9876986301369861 
2.9184986301369853 
3.6304986301369855 
2.819501369863014 
2.5959999999999996 
2.1160986301369853 
5.690597260273971 
0.9993986301369864 
1.1181999999999999 
3.6713999999999984 
3.770397260273971 
4.285098630136984 
2.1482986301369857 
2.0828958904109585 
1.5023999999999988 
5.180498630136984 
2.6363986301369864 
1.4691972602739725 
0.9452027397260276 
1.500298630136986 
4.285098630136984 
1.469197260273972 
2.768597260273971 
0.27290136986301405 
2.1932547945205476 
0.03394520547945312 
2.1907095890410955 
1.4442 
6.039109589041098 
5.797309589041097 
5.218854794520549 
4.327054794520548 
2.6670547945205487 
6.039109589041098 
3.8701095890410957 
2.1907095890410955 
5.1452547945205485 
4.153754794520549 
6.867509589041097 
3.6714000000000007 
0.8938547945205482 
2.1790095890410957 
4.085254794520548 
0.2599095890410954 
2.0138 
5.2202547945205495 
3.5701547945205485 
1.133254794520548 
5.218854794520549 
4.153754794520549 
2.7811452054794517 
4.153654794520548 
4.975509589041097 
1.0623095890410963 
3.4332 
6.039109589041098 
5.797309589041097 
2.1544547945205483 
2.7811452054794517 
5.218854794520549 
0.8866000000000009 
3.9737095890410976 
7.042309589041098 
4.085254794520548 
4.474609589041098 
2.061054794520549 
1.5269547945205484 
2.027854794520548 
5.218854794520549 
2.374309589041096 
3.256854794520548 
1.363 
2.1544547945205483 
2.0420999999999996 
1.9787726027397259 
5.1554547945205496 
2.1544547945205483 
6.225654794520549 
6.5644328767123294 
5.18361095890411 
5.87402191780822 
6.944221917808219 
3.3274219178082207 
0.8865999999999996 
5.2572109589041105 
5.87402191780822 
3.4332000000000003 
5.358410958904111 
4.305010958904109 
2.2316109589041093 
4.12361095890411 
5.2572109589041105 
5.2572109589041105 
5.2572109589041105 
5.2572109589041105 
1.2561890410958911 
4.756310958904111 
6.428610958904111 
4.12361095890411 
4.18041095890411 
5.87402191780822 
4.36181095890411 
1.661421917808219 
0.19618904109588975 
0.03002191780821839 
5.50443287671233 
5.2572109589041105 
5.2572109589041105 
4.12361095890411 
5.2572109589041105 
1.754010958904109 
5.2572109589041105 
5.358410958904111 
2.6472109589041097 
1.044200000000001 
4.81402191780822 
4.12361095890411 
6.80623287671233 
3.0132109589041107 
1.5770109589041095 
5.87402191780822 
1.4375890410958903 
0.46656712328767114 
4.12361095890411 
1.8088109589041093 
3.184721917808219 
0.6424109589041098 
1.302999999999999 
5.2572109589041105 
3.23341095890411 
5.2572109589041105 
0.3215890410958906 
3.4332000000000003 
1.4526328767123289 
5.295567123287671 
5.950734246575342 
5.295567123287671 
5.295567123287671 
5.950734246575342 
7.362367123287671 
6.192534246575343 
5.295567123287671 
4.794667123287671 
3.4041342465753432 
1.483 
4.3265671232876715 
1.7381342465753415 
4.3265671232876715 
5.950734246575342 
0.7199671232876712 
0.28323287671232844 
5.295567123287671 
3.4332000000000003 
5.295567123287671 
1.2178328767123299 
5.295567123287671 
4.161967123287671 
4.161967123287671 
3.762334246575343 
5.055334246575343 
6.132134246575342 
5.677701369863014 
3.0335671232876718 
5.221967123287671 
1.6096 
5.5634 
4.7911013698630125 
1.1027671232876712 
3.855334246575342 
5.295567123287671 
2.2311671232876704 
4.230467123287671 
4.393567123287671 
4.161967123287671 
3.7644328767123283 
5.295567123287671 
0.15783287671232848 
0.6517013698630132 
5.295567123287671 
0.37400000000000055 
1.8535671232876711 
5.295567123287671 
1.1191999999999993 
7.0275342465753425 
4.161967123287671 
1.1261999999999999 
2.9599342465753415 
4.4932 
5.260323287671231 
6.269246575342465 
1.7725232876712314 
3.4331999999999994 
4.131923287671232 
1.891923287671232 
1.946600000000001 
5.205646575342464 
1.008923287671232 
2.6696 
1.2641999999999998 
2.6590465753424644 
4.038446575342465 
0.10777671232876695 
5.333923287671232 
2.546246575342465 
0.8865999999999996 
1.302999999999999 
5.199046575342465 
2.1107999999999993 
1.5465232876712323 
0.12299999999999933 
5.205646575342464 
1.7426232876712326 
2.4033767123287673 
1.9082465753424644 
1.565876712328767 
1.141123287671232 
1.141123287671232 
5.333923287671232 
5.333923287671232 
0.37400000000000055 
3.1438465753424643 
5.333923287671232 
4.438523287671232 
4.268823287671232 
1.705323287671232 
1.8989534246575346 
1.0411232876712315 
4.200323287671232 
5.333923287671232 
4.967446575342465 
0.6913767123287666 
1.4147698630136971 
5.333923287671232 
0.2859232876712321 
5.333923287671232 
2.5378000000000007 
1.653723287671232 
5.333923287671232 
0.11947671232876722 
4.967446575342465 
5.333923287671232 
2.250123287671232 
5.0441589041095884 
4.871379452054794 
3.117258904109588 
6.285558904109586 
2.6695999999999986 
0.5830794520547933 
5.372279452054793 
6.375479452054794 
5.275758904109587 
3.4009999999999994 
5.372279452054793 
7.349158904109587 
5.541879452054793 
4.4932 
4.458538356164381 
5.275758904109587 
7.151438356164381 
3.975979452054793 
5.0441589041095884 
4.568199999999999 
0.8142794520547945 
5.372279452054793 
2.4313999999999996 
4.403279452054795 
3.416879452054793 
0.08112054794520596 
1.9246794520547947 
2.8659205479452043 
6.104158904109588 
3.873358904109589 
4.307179452054792 
4.098979452054793 
5.282358904109587 
3.4066794520547927 
5.845058904109587 
5.372279452054793 
5.372279452054793 
4.943558904109587 
5.086038356164381 
2.627720547945205 
1.137199999999999 
5.473479452054793 
1.9352794520547931 
5.372279452054793 
3.475079452054793 
2.425238356164384 
0.28059999999999885 
5.0441589041095884 
7.349158904109587 
5.372279452054793 
3.4448999999999987 
3.9157589041095893 
6.848258904109588 
6.984638356164382 
1.3209999999999997 
3.348479452054793 
2.627720547945205 
4.476879452054792 
0.05662054794520621 
4.238679452054795 
5.344158904109587 
3.2913383561643825 
4.257020547945206 
7.349158904109587 
5.298679452054794 
1.0167616438356166 
0.7291205479452056 
5.372279452054793 
4.295479452054794 
5.372279452054793 
5.849638356164383 
2.6047999999999996 
5.0441589041095884 
1.584879452054793 
5.372279452054793 
4.470279452054793 
3.4332000000000007 
3.416879452054793 
0.7243589041095877 
4.307179452054792 
2.1084794520547936 
4.412079452054794 
5.372279452054793 
0.5597589041095876 
4.409879452054792 
5.372279452054793 
2.4150794520547936 
6.104158904109588 
5.372279452054793 
3.737779452054795 
0.1999205479452062 
3.597799999999999 
1.0167616438356166 
3.433199999999999 
2.627720547945205 
3.3432794520547935 
3.433199999999999 
4.4932 
4.313679452054792 
5.540479452054793 
4.538679452054794 
5.372279452054793 
3.152158904109587 
5.372279452054793 
2.611399999999999 
5.372279452054793 
3.475079452054793 
3.3432794520547935 
5.849638356164383 
3.2434794520547947 
0.2826205479452053 
5.298679452054794 
6.909638356164383 
2.611399999999999 
2.2510794520547948 
5.372279452054793 
5.372279452054793 
5.2087589041095885 
3.3030383561643823 
4.238679452054795 
6.104158904109588 
5.0441589041095884 
5.372279452054793 
5.473479452054793 
5.298679452054794 
4.943558904109587 
5.298679452054794 
1.4226082191780818 
2.5510082191780814 
4.553591780821918 
3.4332000000000003 
6.267783561643835 
5.617191780821918 
0.8866000000000005 
4.307383561643836 
3.4767917808219186 
4.187775342465754 
5.448991780821918 
4.479991780821917 
1.7163835616438354 
2.138383561643836 
5.448991780821918 
0.8865999999999996 
2.6696000000000004 
3.611008219178083 
2.5510082191780823 
1.8795835616438352 
5.448991780821918 
6.257583561643836 
3.551791780821918 
1.5411999999999995 
1.9070164383561639 
2.6509835616438364 
2.728895890410959 
5.766883561643836 
5.197583561643836 
1.5023999999999993 
2.4233917808219174 
4.315391780821917 
0.8866000000000005 
4.9348835616438365 
4.553591780821918 
0.8865999999999996 
1.1262000000000008 
5.448991780821918 
1.2904082191780821 
3.3055835616438354 
5.362183561643836 
2.3845917808219173 
2.5443999999999996 
5.375391780821918 
1.2561917808219185 
4.4932 
5.448991780821918 
4.315391780821917 
2.6696000000000004 
0.0044082191780816515 
1.8873835616438366 
5.4291835616438355 
2.9176917808219183 
1.1239917808219184 
5.413747945205479 
4.518347945205479 
0.033947945205478725 
4.518347945205479 
4.4932 
2.4229479452054785 
2.6114 
5.487347945205479 
5.280895890410958 
2.6114000000000006 
3.0034438356164377 
2.4229479452054785 
5.569999999999999 
2.5378 
5.6555479452054795 
5.438895890410959 
5.487347945205479 
4.353747945205479 
5.487347945205479 
5.274295890410959 
0.954495890410958 
3.4331999999999994 
5.438895890410958 
2.4229479452054785 
5.274295890410958 
1.9647479452054792 
1.592104109589041 
1.6740520547945206 
3.4261479452054786 
1.0512000000000006 
5.512495890410959 
1.8653479452054795 
0.37399999999999967 
1.5411999999999995 
4.353747945205479 
5.655547945205479 
5.487347945205479 
4.4998 
4.591947945205479 
2.727695890410958 
5.487347945205479 
3.6750000000000007 
5.487347945205479 
3.382295890410958 
5.487347945205479 
0.08125205479452102 
4.591947945205479 
3.4283479452054797 
2.4551479452054794 
4.353747945205479 
5.487347945205479 
1.1623479452054788 
4.302843835616438 
4.528547945205479 
0.954495890410958 
4.986447945205479 
3.458347945205479 
3.382295890410958 
5.487347945205479 
5.487347945205479 
7.5541479452054805 
0.6787479452054788 
0.7127958904109581 
0.3739999999999988 
5.351008219178082 
1.0312082191780823 
1.9466000000000006 
4.379112328767121 
1.4089999999999998 
0.8866000000000005 
0.8103082191780824 
5.6335041095890395 
0.21189589041096024 
1.20070410958904 
5.45210410958904 
1.151595890410959 
3.263704109589041 
2.020304109589041 
1.8338041095890403 
2.1984082191780807 
0.40714794520547937 
0.44531232876712235 
8.551408219178082 
1.0828082191780828 
4.392104109589041 
1.208595890410959 
0.6783041095890407 
0.8865999999999996 
6.151908219178081 
5.52570410958904 
5.52570410958904 
1.4710958904109583 
5.024804109589041 
2.033008219178081 
2.1209999999999996 
2.474295890410958 
5.52570410958904 
0.07230410958904177 
2.3048 
4.441599999999999 
0.5564876712328761 
1.070199999999999 
4.323704109589041 
2.0032999999999994 
2.767252054794521 
0.8865999999999987 
3.0643041095890404 
2.0965041095890404 
5.69390410958904 
0.1486958904109592 
1.0119999999999996 
2.981604109589041 
2.6047999999999996 
2.804408219178081 
3.433199999999999 
2.46130410958904 
6.729520547945208 
1.1079205479452057 
2.1795205479452058 
1.1753397260273983 
0.505139726027398 
5.427720547945206 
0.5439397260273964 
5.427720547945206 
4.537520547945208 
5.427720547945206 
2.5420602739726026 
5.490460273972603 
2.934569863013698 
3.4332 
4.672260273972603 
3.6750000000000003 
3.4332 
2.003320547945207 
1.9521205479452064 
5.395520547945207 
5.065430136986302 
1.4829999999999997 
1.109 
4.430460273972603 
4.430460273972603 
3.4332 
1.4647698630136992 
6.487720547945207 
2.4359397260273985 
1.8721602739726029 
2.5077999999999996 
4.668660273972604 
5.501920547945208 
2.3002602739726035 
0.5410301369863015 
4.007360273972603 
0.44141917808219144 
3.232600000000001 
5.665920547945207 
5.564060273972604 
2.121400000000001 
3.4332 
0.28059999999999974 
3.6668602739726044 
2.6696000000000013 
5.564060273972604 
3.4332 
6.735460273972604 
6.662520547945208 
3.6668602739726044 
3.1645205479452074 
5.59658082191781 
0.5373397260273967 
4.290760273972604 
1.1640602739726047 
4.430460273972603 
2.4996602739726033 
2.881120547945207 
5.427720547945206 
5.564060273972604 
3.4959397260273977 
2.1732397260273983 
2.1051808219178088 
5.564060273972604 
5.5923205479452065 
0.11066027397260303 
4.167760273972604 
1.883860273972604 
4.430460273972603 
6.669120547945207 
1.1191999999999993 
2.4359397260273967 
3.670460273972604 
2.3730602739726026 
4.999860273972605 
4.672260273972603 
4.664120547945208 
4.165490410958906 
1.1753397260273983 
6.081520547945209 
1.1079205479452066 
0.04693972602739649 
2.881120547945207 
2.2660000000000013 
3.5291205479452064 
0.8806602739726044 
5.564060273972604 
6.487720547945207 
6.424980821917809 
4.532980821917809 
5.564060273972604 
3.6750000000000003 
2.499660273972603 
4.498960273972604 
3.4332 
3.5350602739726034 
5.427720547945206 
2.762360273972603 
3.535720547945206 
0.45992054794520687 
0.8866000000000005 
5.427720547945206 
6.483180821917811 
3.606600000000002 
1.0120000000000005 
4.323260273972604 
0.8866000000000005 
5.564060273972604 
5.5923205479452065 
1.5023999999999997 
5.0631602739726045 
5.5923205479452065 
5.427720547945206 
6.663180821917811 
1.5346000000000002 
6.494320547945207 
0.8866000000000005 
5.5923205479452065 
4.589120547945206 
5.427720547945206 
6.487720547945207 
6.487720547945207 
7.557920547945207 
6.735460273972604 
2.5946000000000002 
5.327120547945208 
6.561320547945207 
1.2613452054794525 
2.270945205479452 
2.1726 
3.3787726027397267 
1.8987726027397267 
0.21128219178082208 
3.339972602739726 
3.5237452054794516 
0.06479999999999997 
4.5034 
6.812172602739726 
1.4515726027397253 
4.671772602739726 
0.18737260273972645 
3.1739178082191777 
5.642172602739726 
3.5936452054794517 
0.20699999999999896 
3.682545205479453 
2.2726 
2.4976000000000003 
0.38452739726027474 
2.389745205479452 
0.29518630136986346 
2.5763726027397253 
1.8038999999999992 
5.741972602739726 
4.507172602739726 
4.507172602739726 
1.5023999999999997 
6.647572602739726 
0.8726273972602749 
2.6667726027397274 
2.5763726027397253 
4.507172602739726 
2.1403999999999996 
1.9187726027397258 
5.567172602739726 
1.2613452054794525 
1.9605726027397257 
1.4235863013698626 
2.2837452054794527 
7.214217808219178 
1.9605726027397257 
6.1504452054794525 
0.30182739726027386 
1.354572602739725 
4.507172602739726 
4.507172602739726 
2.5266547945205473 
0.8865999999999996 
5.318445205479453 
1.9605726027397257 
1.354572602739725 
1.1247999999999996 
1.9605726027397257 
1.2852547945205481 
3.0307726027397255 
0.8865999999999996 
1.070199999999999 
4.190045205479452 
3.505372602739727 
1.9567999999999994 
3.077272602739726 
2.2037726027397264 
0.8865999999999996 
3.6891452054794516 
2.0368999999999993 
2.359227397260274 
3.1072 
5.808972602739726 
4.690945205479452 
4.006272602739727 
0.6677726027397259 
0.1266000000000007 
3.611772602739727 
0.9715726027397258 
4.763117808219178 
1.949427397260274 
2.5378000000000007 
5.182872602739725 
5.178228767123287 
5.716057534246574 
5.679128767123287 
3.2325999999999997 
4.878186301369862 
3.4332000000000003 
4.030428767123287 
5.657857534246575 
0.004728767123287625 
7.461957534246575 
2.320871232876713 
1.2085424657534256 
5.657857534246575 
1.1171575342465743 
4.030428767123287 
0.3157999999999994 
5.563399999999999 
0.8899287671232878 
1.0614 
2.669599999999999 
5.679128767123287 
1.1641287671232874 
3.3798287671232874 
0.8748999999999993 
1.338057534246575 
3.5978000000000003 
1.4093999999999998 
2.521728767123287 
4.509999999999999 
8.968786301369862 
2.825099999999999 
2.3797999999999986 
3.3783287671232873 
5.657857534246575 
2.1726 
3.1704999999999997 
0.7061287671232872 
4.655257534246575 
1.354128767123287 
3.127328767123288 
3.2889863013698615 
1.3380575342465741 
1.2085424657534256 
3.17089315068493 
2.946971232876712 
2.1766575342465737 
1.4980287671232873 
4.655257534246575 
7.287157534246575 
1.9279863013698613 
4.282828767123287 
5.679128767123287 
3.3783287671232873 
3.6622575342465753 
1.4863287671232879 
2.6469287671232884 
3.4332000000000003 
3.343857534246574 
0.008799999999999919 
2.4300000000000006 
4.545528767123288 
0.5167287671232872 
5.657857534246575 
6.7178575342465745 
4.493199999999999 
2.320871232876713 
2.5986575342465743 
6.959657534246575 
4.845528767123287 
0.24179999999999957 
3.710986301369862 
2.4153287671232864 
5.605528767123286 
3.4332000000000003 
6.8992575342465745 
3.7171287671232864 
0.0021999999999993136 
4.720328767123288 
3.5927575342465756 
2.4153287671232864 
5.589457534246574 
1.1181999999999999 
3.650128767123288 
5.605528767123286 
5.885684931506848 
6.885254794520546 
2.6753698630136973 
4.825684931506849 
0.264084931506849 
0.2640849315068481 
2.2142849315068487 
6.888884931506848 
1.8763150684931498 
2.6047999999999996 
0.7814999999999994 
3.654884931506848 
4.748484931506848 
5.7345698630136965 
1.0119999999999996 
4.5695849315068475 
1.4439150684931503 
0.12659999999999982 
1.0285150684931503 
2.4536849315068485 
1.4312849315068483 
3.5820849315068486 
2.3459150684931496 
5.153184931506848 
0.12300000000000111 
2.586899999999998 
1.5346000000000002 
0 
5.216584931506848 
5.7174849315068474 
5.7174849315068474 
2.653084931506847 
5.7174849315068474 
4.583884931506848 
5.9727698630136965 
4.652384931506848 
3.820284931506848 
4.326954794520546 
1.5189150684931505 
5.7174849315068474 
3.1733849315068485 
2.4299999999999993 
7.784284931506847 
2.28251506849315 
4.652384931506848 
2.037284931506849 
4.844369863013696 
1.4147698630136976 
0.047999999999999154 
1.1318301369863013 
1.4147698630136976 
2.28251506849315 
0.8748999999999993 
4.895969863013697 
1.5246849315068483 
0.8866000000000005 
4.757284931506849 
3.7620849315068483 
3.7620849315068483 
1.4147698630136984 
2.4313999999999996 
6.871769863013697 
7.874969863013697 
2.0255849315068484 
1.5346000000000002 
0.2640849315068481 
5.7174849315068474 
4.758684931506849 
5.7174849315068474 
5.9727698630136965 
4.583884931506848 
2.28251506849315 
4.583884931506848 
3.429599999999999 
2.6753698630136973 
2.611399999999999 
1.5346000000000002 
7.945254794520546 
3.481484931506848 
5.216584931506848 
3.693684931506848 
3.7620849315068483 
2.6918849315068476 
5.7174849315068474 
5.7174849315068474 
3.507642465753424 
0.8866000000000005 
1.4147698630136984 
3.803769863013696 
2.4148849315068475 
2.680469863013698 
4.6781999999999995 
2.8825424657534247 
0.7646000000000006 
3.1978849315068487 
5.471869863013697 
4.6781999999999995 
3.6936849315068483 
4.867369863013696 
5.7174849315068474 
4.068784931506849 
6.871282191780824 
5.688841095890412 
2.7302410958904115 
6.927241095890411 
0.34555890410959034 
2.723641095890412 
2.2660000000000022 
5.682241095890413 
3.783641095890413 
4.622241095890411 
5.817882191780822 
3.4332000000000007 
2.7236410958904123 
2.4920410958904107 
2.6914410958904122 
3.7268410958904123 
3.7268410958904123 
4.860441095890412 
4.679041095890412 
3.4332000000000007 
4.622241095890412 
5.755841095890412 
7.238523287671233 
5.755841095890412 
5.811282191780821 
0.40304109589041026 
4.622241095890412 
6.110123287671235 
2.0756410958904112 
2.369282191780823 
5.704082191780823 
3.793841095890412 
2.2441589041095886 
1.405558904109589 
6.762641095890411 
2.5582410958904114 
3.5268205479452064 
5.254941095890413 
0.43148219178082226 
4.735000000000001 
6.236723287671235 
5.755841095890412 
0.3024410958904111 
5.755841095890412 
0.313358904109589 
4.797041095890412 
1.1854410958904111 
5.755841095890412 
4.658382191780822 
3.6750000000000003 
3.732041095890412 
5.811282191780821 
4.622241095890412 
2.0756410958904112 
3.858641095890412 
3.9959945205479452 
6.947994520547945 
2.636397260273973 
6.052594520547945 
1.4830000000000005 
5.894594520547944 
1.5345999999999993 
6.052594520547945 
0.3407972602739733 
4.660597260273972 
6.225191780821919 
4.660597260273973 
5.7941972602739735 
4.234100000000001 
5.962397260273973 
9.245591780821918 
1.227397260273973 
2.7685972602739723 
1.0119999999999996 
4.660597260273972 
5.7941972602739735 
4.997794520547946 
4.898797260273973 
2.2058027397260274 
5.7941972602739735 
5.293297260273974 
4.493200000000001 
3.765197260273972 
5.946194520547946 
1.367202739726027 
2.596597260273972 
2.2058027397260274 
1.5681945205479462 
4.902397260273973 
3.8969972602739733 
9.088394520547947 
0.8865999999999996 
4.159697260273973 
5.7941972602739735 
3.8923945205479464 
6.225191780821919 
1.2361972602739728 
1.5681945205479453 
0.4775054794520539 
5.7941972602739735 
7.115391780821917 
1.310402739726026 
5.293297260273974 
2.3455972602739736 
1.2436000000000007 
6.286991780821918 
6.334295890410959 
5.7941972602739735 
1.269400000000001 
3.7315972602739733 
2.167446575342465 
0.10859999999999914 
4.698953424657534 
3.7037534246575343 
2.1523534246575338 
5.331653424657534 
2.2027534246575344 
3.4331999999999994 
5.964706849315068 
0.9851534246575353 
0.37915342465753454 
5.832553424657535 
1.6449068493150678 
1.6449068493150678 
2.167446575342466 
3.4331999999999994 
2.0420999999999996 
4.855706849315069 
0.8866000000000005 
4.811953424657534 
2.537799999999999 
5.832553424657535 
1.380953424657534 
0.37915342465753366 
5.832553424657535 
0.37035342465753285 
0.844746575342465 
2.304800000000001 
2.8069534246575336 
2.910606849315068 
0.5328000000000008 
3.0308534246575345 
2.145806849315068 
2.3241999999999994 
5.832553424657535 
3.418106849315068 
2.6696000000000004 
5.331653424657534 
4.6989534246575335 
4.663106849315069 
5.964706849315068 
0.06479999999999997 
0.49460684931506815 
1.651453424657535 
7.266506849315068 
2.167446575342465 
3.2123534246575343 
4.737309589041095 
2.129090410958905 
2.190709589041096 
2.1979643835616427 
3.326809589041095 
0.4175095890410949 
4.7872287671232865 
5.540519178082191 
5.797309589041094 
3.3462095890410946 
0.8866000000000005 
1.1261999999999999 
5.870909589041096 
1.0639904109589038 
2.55361917808219 
6.041419178082192 
4.912109589041095 
7.1014191780821925 
1.1066904109589037 
1.6531095890410947 
3.4913999999999996 
0.6533452054794529 
0.8249808219178094 
3.8419095890410953 
4.323454794520547 
6.279619178082191 
4.446309589041094 
0.12810958904109615 
6.279619178082191 
4.149419178082191 
2.266000000000001 
6.450128767123287 
2.6113999999999997 
3.1890904109589036 
5.870909589041096 
4.979109589041095 
0.4175095890410949 
0.8866000000000005 
4.737309589041095 
7.343219178082192 
4.968909589041095 
1.7216191780821903 
0.1164000000000005 
3.4331999999999994 
0.30549041095890406 
0.2370904109589036 
1.541199999999999 
3.8419095890410953 
1.534600000000001 
5.870909589041096 
0.4358000000000004 
6.04141917808219 
5.870909589041096 
5.870909589041096 
5.870909589041096 
3.6713999999999993 
5.814109589041094 
5.7069095890410955 
3.8471095890410947 
5.972109589041096 
4.975509589041095 
7.645528767123288 
0.23709041095890449 
4.901909589041095 
4.737309589041095 
5.797309589041096 
5.870909589041096 
3.48311917808219 
2.0406000000000004 
3.4332000000000003 
2.316109589041095 
1.302999999999999 
5.982309589041096 
0.8865999999999996 
4.705109589041094 
4.737309589041096 
4.794109589041095 
4.737309589041095 
2.6687287671232864 
7.1014191780821925 
0.4175095890410949 
5.870909589041096 
2.669599999999999 
3.4331999999999994 
8.405528767123288 
3.9155095890410956 
2.8453095890410944 
3.1704999999999997 
5.870909589041096 
3.49 
5.870909589041096 
0.10489041095890439 
4.737309589041095 
2.5378000000000007 
0.9367095890410955 
5.972109589041096 
6.206019178082192 
5.3700095890410955 
3.4332000000000003 
5.453528767123286 
3.8419095890410953 
3.6648000000000005 
4.737309589041095 
3.4948191780821913 
1.7216191780821903 
4.236409589041095 
5.797309589041096 
1.541199999999999 
6.039109589041095 
5.870909589041096 
0.25290958904109484 
6.867509589041096 
5.870909589041096 
4.737309589041095 
5.797309589041096 
0.8249808219178085 
2.3483095890410963 
4.734999999999999 
5.870909589041096 
6.867509589041096 
5.870909589041096 
4.901909589041095 
0.8865999999999996 
5.870909589041096 
2.8453095890410944 
7.1014191780821925 
7.1014191780821925 
5.985978082191782 
3.49 
5.985978082191782 
8.401756164383562 
2.0140219178082193 
0.5325780821917814 
5.985978082191782 
3.6648000000000005 
1.946600000000001 
0.5325780821917814 
4.337278082191782 
1.9517561643835624 
2.3057780821917806 
5.985978082191782 
1.825378082191781 
5.912378082191781 
3.4397999999999995 
7.331556164383562 
4.030578082191781 
5.485078082191782 
2.1003000000000007 
4.4427890410958915 
4.214156164383562 
4.006078082191781 
2.5946000000000007 
5.985978082191782 
2.4012780821917805 
2.9603780821917804 
0.06479999999999997 
2.6113999999999997 
1.4830000000000005 
0.8865999999999996 
1.118621917808218 
0.39797808219177977 
5.381356164383563 
2.9215780821917803 
2.362478082191781 
1.1247999999999996 
2.9166 
3.7239780821917816 
0.04800000000000004 
5.507956164383563 
6.4529561643835605 
4.030578082191781 
2.9251780821917803 
1.9517561643835624 
5.507956164383562 
2.431400000000001 
2.556778082191781 
2.294078082191781 
6.154178082191782 
2.3057780821917806 
1.9517561643835624 
2.4976000000000003 
3.4332000000000003 
1.6095999999999995 
5.523434246575343 
1.1247999999999996 
5.346468493150685 
4.8907342465753425 
6.024334246575343 
2.7920684931506843 
7.650068493150685 
3.895534246575342 
2.028468493150685 
4.127134246575341 
3.4332000000000003 
6.024334246575343 
1.8315342465753428 
5.132534246575343 
6.252768493150685 
2.669599999999999 
4.8907342465753425 
3.4332000000000003 
4.290868493150684 
5.523434246575343 
1.2157342465753427 
4.127134246575342 
0.7424684931506844 
6.024334246575343 
0.9537999999999993 
5.913802739726027 
2.236934246575342 
1.975665753424658 
1.0511999999999997 
5.122334246575343 
4.456268493150684 
8.485068493150685 
5.128934246575342 
2.344134246575342 
6.348268493150685 
0.37400000000000055 
2.028468493150685 
4.127134246575341 
4.179268493150684 
8.485068493150685 
6.358468493150683 
3.966268493150684 
4.161967123287671 
2.959934246575342 
2.1726 
1.3706000000000005 
5.913802739726027 
3.4041342465753432 
4.474334246575343 
4.068934246575342 
1.1351342465753422 
1.499134246575342 
6.753671232876712 
6.424980821917806 
0.8866000000000005 
3.669471232876712 
2.5594904109589036 
0.0065095890410944435 
5.167290410958902 
6.483180821917807 
2.382490410958904 
3.6713999999999984 
2.1051808219178074 
4.929090410958903 
4.107290410958903 
6.062690410958904 
6.424980821917806 
4.000090410958903 
5.423180821917807 
2.8716904109589025 
2.1051808219178074 
1.541199999999999 
1.5346000000000002 
0.8866000000000005 
2.923290410958905 
2.5946 
4.1006904109589035 
0.9644000000000004 
5.167290410958902 
6.489780821917808 
6.062690410958904 
0.37399999999999967 
6.062690410958904 
8.08547123287671 
7.484980821917809 
2.2308000000000003 
6.5895808219178065 
3.671399999999999 
0.5513095890410948 
6.537980821917807 
7.234090410958903 
1.0120000000000005 
1.9466 
4.503399999999999 
3.4424904109589036 
2.8251 
6.062690410958904 
5.534780821917806 
4.929090410958903 
2.669599999999999 
2.671890410958903 
0.609290410958903 
3.664799999999999 
1.937309589041095 
3.878380821917808 
3.7331999999999996 
5.498490410958905 
1.9567999999999985 
5.534780821917806 
2.9973095890410946 
5.5617904109589045 
3.8006904109589033 
2.172599999999999 
8.729980821917806 
2.181893150684931 
3.53289315068493 
3.433199999999999 
9.095939726027396 
3.0754465753424647 
8.035939726027394 
7.56169315068493 
5.132046575342464 
3.433199999999999 
5.205646575342463 
2.597846575342465 
2.8266931506849318 
4.072046575342465 
1.8989534246575337 
6.0274465753424655 
7.56169315068493 
4.909246575342465 
4.967446575342464 
4.967446575342464 
5.615093150684931 
0.5734465753424658 
1.0511999999999997 
6.1010465753424645 
7.56169315068493 
5.035846575342465 
2.4306 
6.74349315068493 
6.739893150684929 
7.803493150684929 
7.803493150684929 
7.272446575342464 
6.1010465753424645 
3.068846575342465 
0.8865999999999996 
4.967446575342464 
3.3102931506849305 
0.17925342465753413 
3.8390465753424663 
3.442493150684931 
6.1010465753424645 
2.597846575342465 
0.8865999999999996 
6.1010465753424645 
4.766846575342465 
2.18189315068493 
1.502399999999998 
0.8957534246575332 
2.594599999999999 
7.571893150684929 
4.568199999999999 
1.9594931506849305 
3.4424931506849306 
2.9432465753424637 
3.4424931506849306 
2.130553424657533 
6.139402739726028 
3.595302739726028 
2.4592027397260283 
3.595302739726028 
6.139402739726028 
7.638405479452055 
1.8756027397260278 
5.005802739726028 
6.139402739726028 
6.139402739726028 
6.139402739726028 
1.0511999999999997 
6.139402739726028 
5.005802739726026 
8.151008219178081 
0.8749000000000002 
5.63850273972603 
3.4331999999999994 
2.304800000000001 
7.664706849315069 
5.63850273972603 
0.7321972602739732 
3.5978000000000003 
5.469405479452056 
6.1436027397260276 
1.8605972602739724 
1.9466027397260284 
5.814805479452055 
2.258605479452056 
1.6886027397260275 
1.4764000000000008 
4.4932 
3.713002739726028 
6.816605479452055 
4.077304109589042 
1.5078027397260279 
5.679405479452054 
3.5192054794520558 
2.941802739726027 
4.117002739726027 
0.8865999999999996 
2.9816027397260285 
3.5887027397260276 
4.1840027397260275 
3.877402739726028 
1.2466054794520547 
3.877402739726029 
4.427302739726029 
1.0512000000000006 
4.568200000000001 
1.9466027397260284 
4.5210054794520556 
0.7321972602739724 
0.8866000000000005 
0.030397260273972826 
2.669600000000001 
2.4314 
2.5280082191780835 
1.038797260273972 
6.713005479452055 
3.713002739726028 
7.2838082191780815 
2.903405479452055 
6.578405479452053 
2.0421000000000005 
3.0102027397260276 
5.074302739726028 
5.005802739726026 
4.4998000000000005 
0.8865999999999996 
5.450005479452056 
0.4812000000000003 
4.5843054794520555 
3.4332000000000003 
8.710108219178082 
3.387005479452056 
0.43540273972602783 
0.8323027397260274 
7.638405479452055 
1.8605972602739715 
5.624805479452054 
5.044158904109589 
7.715117808219179 
6.713317808219177 
6.177758904109588 
2.6113999999999997 
7.715117808219179 
8.272676712328765 
5.75971780821918 
0 
4.28055890410959 
0.21128219178082208 
7.715117808219179 
6.661717808219176 
3.885758904109588 
5.67685890410959 
5.208758904109589 
0.561641095890411 
6.177758904109588 
6.177758904109588 
5.282358904109589 
2.674558904109589 
6.586717808219179 
6.6551178082191775 
1.8527589041095895 
6.5545178082191775 
1.399676712328767 
8.324276712328766 
3.876958904109589 
0.561641095890411 
2.913958904109589 
6.177758904109588 
6.177758904109588 
8.266076712328765 
6.177758904109588 
6.896917808219176 
2.65515890410959 
7.715117808219179 
6.177758904109588 
7.896517808219177 
3.6713999999999998 
1.8527589041095895 
0.8866000000000005 
1.946600000000001 
5.044158904109589 
6.177758904109588 
4.040958904109589 
6.177758904109588 
3.230717808219179 
1.6095999999999995 
5.282358904109589 
1.5023999999999997 
5.285958904109588 
3.674999999999999 
3.915758904109589 
6.013758904109589 
2.555758904109589 
2.4975589041095896 
5.208758904109589 
6.177758904109588 
0.05820000000000025 
1.3630000000000004 
3.4332000000000003 
7.791830136986302 
5.247115068493151 
6.142515068493151 
9.441145205479454 
3.4332000000000003 
6.142515068493151 
6.216115068493151 
8.545745205479452 
0.20511506849314998 
4.674430136986301 
5.21851506849315 
4.4932 
4.18711506849315 
6.216115068493151 
6.216115068493151 
5.082515068493151 
6.216115068493151 
1.78388493150685 
6.216115068493151 
4.8398301369863 
2.535915068493151 
2.669599999999999 
5.4390301369863 
6.970030136986301 
0.4812000000000003 
6.896430136986302 
4.061345205479451 
5.569999999999999 
5.715215068493151 
6.216115068493151 
6.3173150684931505 
5.082515068493151 
3.6727999999999996 
9.952245205479453 
0 
3.374999999999999 
2.4120301369863 
8.381145205479452 
5.082515068493151 
4.2524301369863 
1.946600000000001 
1.4039150684931494 
0.7806849315068494 
0.8931999999999993 
6.216115068493151 
0.7627150684931499 
3.15171506849315 
7.444082191780824 
7.945254794520551 
1.7296273972602725 
7.945254794520549 
7.945254794520549 
6.2192273972602745 
3.916454794520549 
2.565454794520549 
0.8866000000000005 
8.01885479452055 
6.2192273972602745 
8.611282191780823 
5.398654794520551 
6.8852547945205504 
8.611282191780823 
5.271563013698631 
1.5345999999999993 
6.347621917808218 
9.125043835616438 
4.444942465753426 
3.597800000000001 
5.340342465753426 
7.338742465753427 
10.85655068493151 
2.669600000000001 
0.8866000000000005 
6.2630630136986305 
1.145963013698629 
6.33666301369863 
0.8887424657534249 
6.342142465753425 
5.866443835616439 
6.0658438356164375 
4.381263013698631 
5.835763013698631 
5.2744136986301395 
1.892827397260275 
0.10357534246575284 
6.331183561643835 
0.9502438356164369 
1.0442 
6.268542465753425 
2.055942465753425 
6.33666301369863 
2.143863013698631 
5.241175342465755 
5.031167123287672 
0.37399999999999967 
6.33666301369863 
6.268542465753425 
5.841242465753425 
3.4913999999999987 
6.353101369863014 
0.7247780821917793 
6.235665753424655 
7.027720547945206 
6.290460273972604 
3.2007808219178076 
4.3295808219178085 
2.565701369863014 
2.013799999999999 
5.085961643835615 
2.272980821917808 
2.319101369863014 
8.065802739726028 
5.969539726027397 
5.805539726027396 
0.07719999999999949 
5.081019178082192 
1.1751095890410963 
3.8060191780821913 
5.2709095890410955 
5.110509589041095 
0.0554904109589045 
1.0858191780821915 
1.0738999999999992 
2.3464191780821912 
0.2177602739726039 
0.5228698630136983 
2.5327 
4.0659 
5.074139726027396 
1.9684999999999997 
3.6146000000000003 
2.3460397260273966 
2.8053 
3.9124191780821915 
3.7154191780821915 
1.0096095890410957 
5.079619178082192 
4.0778191780821915 
5.486038356164383 
5.079619178082192 
3.6687397260273977 
2.8469397260273963 
2.669599999999999 
2.863679452054794 
0.694720547945205 
3.3259999999999996 
2.181579452054793 
4.009039726027396 
1.4661999999999997 
5.576439726027396 
5.9695397260273975 
0.6343698630136987 
0.45956986301369884 
5.268169863013698 
3.3053095890410957 
1.171309589041095 
2.9244904109589043 
5.2709095890410955 
1.0145000000000002 
4.31152602739726 
5.087347945205479 
5.087347945205479 
2.6077095890410957 
0.5087095890410951 
1.2661191780821919 
1.7229479452054801 
3.93527397260274 
3.249547945205479 
4.3263191780821915 
2.6077095890410957 
5.410819178082192 
2.5838397260273966 
4.821739726027396 
4.904439726027396 
2.236039726027397 
4.9101397260273965 
5.32661917808219 
4.072339726027396 
5.087347945205479 
3.3103999999999996 
0.7793999999999999 
4.934873972602739 
1.539730136986301 
5.074139726027396 
4.708939726027396 
0.018473972602738975 
1.7110739726027409 
2.130147945205479 
2.92504794520548 
4.203069863013698 
3.800539726027396 
5.9695397260273975 
1.2606397260273976 
1.9465999999999997 
2.568127397260273 
0.3224 
2.1321424657534243 
2.1153424657534248 
2.363742465753424 
5.924284931506848 
4.578142465753423 
1.0950150684931503 
3.2578575342465745 
4.022084931506847 
0.5493424657534245 
1.7165424657534243 
2.644472602739726 
3.7838849315068495 
1.1749424657534249 
3.608542465753425 
3.5115424657534247 
4.025684931506849 
3.9090849315068477 
3.7838849315068495 
3.666742465753425 
3.1741 
3.2578575342465745 
2.7182424657534243 
2.905827397260273 
2.956984931506849 
1.2090424657534249 
0.7112575342465752 
2.5485424657534237 
0.8458575342465751 
6.088884931506848 
0.3740000000000001 
0.41714246575342484 
4.022084931506847 
1.6583424657534245 
7.159627397260271 
4.685342465753423 
1.2372849315068488 
4.241242465753423 
0.7426999999999997 
