1.5271666666666668
1.1963333333333332
0.8785
-0.6513333333333333
-0.755
-0.551
1.02175
-1.092
1.158
1.27
0.4354166666666667
1.079
0.7261166666666667
1.3683333333333332
1.215
0.31275
0.926
1.42125
0.9808333333333333
1.444
1.0446214285714286
1.5295
1.1865
1.403
0.9403380952380952
1.229
0.702
1.3753333333333333
-0.346
1.3638333333333332
-0.622
1.0355
-0.61
1.165
-0.618
1.148
-0.305
1.05025
0.8265000000000001
-0.616
-0.072
0.5008833333333333
1.3263333333333334
1.163
-0.491
1.3845
1.4031666666666665
1.4131666666666667
1.3308333333333333
1.281
1.0775
1.3365
1.4655
1.3515
1.342
1.3615
1.446
0.5069166666666667
-0.567
1.303
-1.2073333333333336
1.3535
0.33433333333333337
-0.459
1.323
0.19258333333333336
0.5229166666666666
-0.167
-0.506
0.9525
0.46253333333333335
1.2418333333333336
0.6909166666666666
1.4125
1.4894166666666666
1.3165
-1.019
-0.4135
0.6325833333333334
0.40388333333333337
-0.699
1.3055
-0.608
1.3740833333333333
1.0334380952380953
-0.4516666666666666
1.1365
0.018
1.4765
1.23175
0.8900166666666668
1.1634166666666665
1.3185
-0.2455
0.19608333333333328
0.04241666666666666
0.2914166666666667
1.453
1.5870833333333332
0.27508333333333335
1.4733333333333332
1.5523333333333333
1.336
0.6994166666666668
-0.03383333333333334
0.1685
1.2295
1.3945
-0.303
-0.324
0.2903333333333334
0.3907166666666667
1.553
1.529
-0.638
1.307
0.4248333333333334
-0.589
1.3455
1.1955
1.4865
-0.362
-0.314
0.10008333333333334
1.2534166666666666
1.5165
0.17425
1.2365
-0.515
-0.348
-0.4809666666666667
0.45666666666666667
-0.605
0.14155
0.4739166666666667
1.32075
1.3824333333333332
1.24
1.51875
1.0182666666666669
0.42716666666666664
-0.642
-0.5283333333333332
1.493
-0.673
1.5136666666666665
0.4907500000000001
-0.615
1.2715
-0.5713333333333332
-0.853
0.80925
1.276
1.1905
1.3373333333333333
0.29158333333333336
-0.668
1.3125
1.4645833333333333
0.4609166666666667
-0.808
-0.5345
1.3065
1.5061666666666664
1.32775
0.19216666666666668
1.209
0.771
1.464
1.18875
1.5146666666666666
0.8851166666666668
-0.2805
1.43925
1.292
1.322
0.7222333333333335
1.316
-0.637
1.2865
1.583
0.23466666666666666
1.141
1.216
0.24058333333333332
1.084
0.8672500000000001
-0.5
-0.8066
-0.605
1.5050833333333333
-0.727
-0.532
1.2128333333333332
1.4165
1.40825
1.203
0.75075
1.2478333333333333
1.0315
1.3769166666666666
1.0855
-0.46975
1.296
1.305
0.23025
1.458
0.6749
1.436
1.5320833333333332
1.2995
1.2215
0.5725333333333333
0.8555
1.135
1.2053333333333334
-0.835
-0.476
1.2489333333333332
-0.548
-0.546
0.2830833333333333
1.565
1.607
0.89025
-0.556
1.38775
1.4065
0.03175000000000001
0.14533333333333334
0.95
0.798
1.6215833333333332
1.028
1.3783333333333332
-0.666
-0.653
-0.749
-0.0845
1.2686666666666668
0.979654761904762
1.4511666666666665
1.3948333333333331
1.087
1.4534999999999998
-0.711
-0.321
-0.3451666666666667
-0.284
1.5353333333333332
-0.537
-0.691
-0.4875
-0.6513333333333333
1.124
1.53275
1.438
0.34933333333333333
1.2235
1.5288333333333333
1.17975
-0.666
1.2905
-0.598
-0.48533333333333334
1.4665
1.3155
1.3153333333333332
1.354
1.3945
1.4453333333333334
1.2714166666666664
1.422
0.06966666666666667
-0.364
-0.674
-0.54175
1.525
1.051
-0.656
1.466
-0.5105
-0.494
0.5214166666666666
-0.533
1.431
0.9948333333333333
0.9015000000000001
-0.599
-0.388
1.15825
1.39525
1.55
0.8535
-0.55
1.382
1.261
1.2605
1.1885
-0.453
-0.5836666666666667
1.4105
1.47625
1.2465
1.3435
1.345
1.409
1.4015
0.027333333333333328
1.2929166666666665
1.2253333333333332
1.4240833333333334
1.37875
-0.17
0.12966666666666665
1.40825
1.36775
0.26966666666666667
0.34364999999999996
-0.581
1.3505
1.1855
1.369
-0.5056666666666666
1.29275
1.234
0.3325833333333334
1.087
-0.5005
-1.249
-0.593
0.823
1.467
0.13108333333333333
-0.563
-0.63
-0.56
1.0485
-0.556
0.20725
-0.5985
1.0505
0.21633333333333335
-0.562
-1.276
1.643
-0.277
1.4165
1.3695
-0.3035
0.434
1.6153333333333333
1.14525
1.5630833333333332
1.3991666666666664
0.13329999999999997
1.40675
1.3288333333333335
1.37725
1.296
-0.758
1.37125
0.8795
1.09675
1.35775
1.56025
1.212
0.17133333333333334
1.3048333333333333
1.6424166666666664
1.4435
1.236
1.50525
-0.07118333333333332
1.4894166666666666
-0.443
0.7186833333333332
1.2134166666666666
-0.374
-0.457
0.45375
-0.692
1.3555
0.44633333333333336
0.45185000000000003
1.5248333333333333
1.26475
1.2485
0.19908333333333333
1.4710833333333333
1.3775
0.9134166666666668
1.4615833333333332
1.3239166666666669
-0.6040666666666666
1.28375
1.3324166666666666
0.16413333333333335
1.47
0.8525
1.2705
0.0026666666666666713
0.80925
1.3615
-0.719
-0.641
-0.527
0.76945
-0.838
0.05125
0.15258333333333335
1.3365
-0.5144
1.3976666666666668
-0.505
0.8255
-0.428
1.4316666666666664
1.3835
-0.778
1.1734166666666666
-0.39433333333333337
1.4321666666666668
1.3265
-0.11258333333333334
1.4829166666666664
1.2364166666666665
1.377
1.3668333333333333
-0.649
1.369
0.29725
-0.7366666666666667
-0.7
-0.607
1.3925
1.424
1.28675
-0.806
0.41608333333333336
0.4387833333333333
0.8327500000000001
0.29283333333333333
-0.5275
-0.6326
1.231
1.4693333333333332
1.4268333333333332
1.3305
1.2905
1.5855
0.5146666666666667
-0.501
1.4458333333333333
1.2718333333333331
0.934
1.0038666666666667
1.402
1.0097380952380952
1.3175
1.3365
-0.004083333333333329
0.43265000000000003
-0.607
1.3906666666666665
1.2324166666666665
1.4019333333333333
0.3463333333333334
-0.628
-0.726
1.256
1.3705
1.043
1.2859166666666666
1.1245
1.3595
1.5765
-0.324
1.21575
0.31770000000000004
-0.7122
0.40391666666666676
-0.613
0.2773333333333334
0.42291666666666666
0.24735
1.3819166666666665
0.26680000000000004
0.7639166666666667
1.6755
1.433933333333333
1.2489166666666665
1.4405
1.2584166666666665
-0.667
1.4105
0.928354761904762
1.4295
1.1925
-0.503
-0.36741666666666667
1.5315
1.089154761904762
1.2425
-0.723
1.3375
1.36575
1.221
-0.46
1.1095
-0.307
1.3665
1.3723333333333332
1.23
1.3115
1.286
-0.927
0.31995
-0.66
0.9289166666666668
-0.573
0.5670166666666666
0.3673666666666667
-0.439
1.3718333333333332
1.3698333333333332
1.3821666666666665
-0.806
0.3615833333333333
-0.332
1.3065
1.27025
0.5243666666666666
1.2148333333333332
-0.672
0.16141666666666668
0.8729166666666668
0.51375
-0.676
1.30275
1.3865833333333333
-0.0855
-0.5056666666666666
1.2315
1.261
1.28225
0.2805
1.3439166666666664
1.135
-0.445
-0.666
0.102
-0.4865
0.3368333333333334
1.4651666666666665
1.2455
-0.66
0.32750000000000007
1.3553333333333333
1.3848333333333334
1.5458333333333332
-0.707
-0.3455
0.38251666666666667
0.697
-0.4475
1.1265
1.41325
1.2115
0.3739166666666666
-0.505
1.5333333333333332
-0.527
1.3715
0.933
1.1955
1.4431666666666665
1.3085833333333334
1.3995
1.3025
0.803
1.215
1.2935
0.916
1.3325
0.24608333333333332
1.3469166666666665
1.3798333333333332
1.0743333333333336
1.151
0.20279999999999998
1.5773333333333333
1.4775
1.261
1.2584166666666665
1.1568333333333332
1.2925
1.5750833333333332
1.3568333333333333
-0.867
1.339
1.3915
1.318
1.202
1.2625
0.47716666666666663
0.91625
0.5343333333333332
-0.292
-0.461
1.2788333333333333
0.15783333333333335
1.3835
-0.549
0.1374
0.03466666666666667
-0.531
1.2724166666666665
1.315
0.3456666666666667
-0.7756000000000001
1.22725
1.29575
1.5509166666666665
-1.221
1.353
0.626
1.4005
-0.559
-0.576
0.09883333333333334
0.3369666666666667
1.37775
1.4245
1.1325
1.4321666666666666
1.5809999999999997
0.2028833333333334
1.15825
1.0263333333333335
-0.674
0.95
-0.718
1.626
1.5418333333333332
0.986
0.4136666666666667
1.065
-0.718
-0.461
1.54
1.5425
-0.891
0.907
-0.4020666666666667
1.0259380952380952
-0.037
1.2125
0.3221666666666667
0.2644166666666667
1.4275
1.4974166666666666
0.5140166666666667
1.3275
1.51025
-0.5672
-0.562
-0.5348333333333333
-0.705
0.41358333333333336
0.90225
1.3595
1.2425
0.20066666666666666
1.4396666666666664
1.3852499999999999
1.4963333333333333
1.0050047619047617
1.2494166666666666
1.3475
1.1850833333333333
-0.555
-0.436
1.3385
-0.562
0.2570833333333334
0.8896666666666666
-0.4345
1.32
0.24608333333333332
1.6698333333333333
1.4170833333333333
-0.862
1.4278333333333333
-1.3936666666666666
0.24616666666666667
1.3295
1.3444166666666666
-0.43465
1.26125
-0.6803333333333332
-0.481
1.3513333333333335
1.4763333333333333
1.3805
0.823
1.27425
0.3041666666666667
1.438
1.2783333333333333
0.29973333333333335
1.476
1.22975
0.8187000000000001
1.314
1.5069166666666665
0.9705
0.5339166666666666
1.57675
-0.798
1.5115
0.457
-0.7392000000000001
0.27641666666666664
-0.705
1.5491666666666666
-0.535
-0.339
-0.538
-0.4815
-0.362
0.7075
1.313
1.317
1.5303333333333333
1.39975
1.3019166666666666
-0.664
-0.008549999999999997
0.9626666666666667
1.2645
-0.1935
1.516
1.22375
1.336933333333333
1.331
-0.627
-0.657
-0.392
1.342
-0.13835
0.11866666666666668
1.3090833333333334
1.258
0.3003333333333334
1.3941666666666666
1.3698333333333332
1.3698333333333332
1.461
1.3403333333333334
1.5036666666666665
-0.486
1.316
-0.812
1.5265
1.3105
1.28225
1.3749166666666666
0.8592333333333333
1.098
-0.8046
1.4614166666666666
1.3135
1.5508333333333333
-0.469
1.6491666666666664
1.3096666666666668
-0.5348333333333333
0.4088333333333334
-0.0605
1.4563333333333333
-0.331
-0.49366666666666664
1.486
1.5070833333333333
1.594
-0.6293333333333333
1.34775
1.2138333333333333
0.95
1.47225
-0.523
1.5448333333333333
-0.578
1.417
-1.023
1.0795
1.2355
1.2338333333333333
0.36991666666666667
1.4814166666666666
-0.4055
0.16503333333333334
1.3525
1.4675
-0.49075
-0.49
-0.284
1.3763333333333332
1.3495
1.216
1.5283333333333333
-0.392
0.8144380952380952
-0.511
1.1685
-0.375
-0.504
-0.545
1.39525
1.3105
1.4490833333333333
0.26241666666666663
0.04150000000000001
1.1984166666666665
1.3075
-0.517
-0.729
-0.5865
-0.623
-0.324
-0.6836
0.4043333333333334
-0.557
1.319
-0.648
-0.557
1.5038333333333334
1.2685
0.4703333333333334
0.9465000000000001
1.5025
-0.602
-0.544
-0.491
1.4833333333333332
0.33525
0.9948333333333333
1.0618333333333334
1.53075
1.1688333333333332
-0.5963333333333334
-0.552
0.5707833333333333
1.3948333333333331
1.0631666666666666
0.481
1.2669166666666665
1.4135
-0.541
-0.632
0.686
0.938
0.718
0.20221666666666666
0.5023500000000001
1.1245
0.5125166666666666
1.282
-0.634
-0.568
1.068
1.5683333333333334
0.34950000000000003
1.4655
-0.43616666666666665
-0.489
-0.598
0.09783333333333334
0.2059166666666667
-0.649
-0.7882
-0.413
-0.506
-0.516
0.5069166666666667
0.9199714285714286
-0.6083333333333334
-0.615
-0.818
-0.812
-0.6463333333333332
-0.521
1.4455
-0.5403333333333332
0.9772500000000001
1.49825
-0.322
1.2996666666666667
1.1835
1.39175
0.25333333333333335
1.3975
1.35775
1.47425
1.4195
-0.449
1.3538333333333332
-0.785
-0.567
1.2005
1.4763333333333333
-0.339
1.268
-0.6513333333333333
1.2000833333333332
-0.702
0.26483333333333337
1.3356666666666666
1.6091666666666664
-0.3015
0.24459999999999998
-0.73
1.4865
1.308
1.404
1.3415
0.4574166666666667
1.2875
-0.557
0.3400000000000001
1.2935
1.096
1.3745
-0.3675
-0.573
1.4406666666666665
0.01
1.55
1.3103333333333333
1.4275
1.2129166666666664
1.3415
1.3945
1.334
0.46025
-0.593
1.4768333333333332
-0.663
0.21616666666666665
1.3024166666666666
0.5875833333333335
-0.64
0.8775166666666667
1.303
1.5165
-0.588
0.05075000000000001
0.4714166666666667
1.3343333333333331
-0.12366666666666669
1.3865
1.4845833333333334
1.3998333333333333
0.9772500000000001
1.4415
-0.635
1.2801
-0.599
-0.5486666666666666
-0.5536666666666666
1.383
1.56825
1.216
1.2904166666666665
-0.5456666666666666
-0.541
-0.42
-0.6096666666666666
1.4675
-0.186
1.3865
0.1366666666666667
-0.373
-0.592
1.57675
-0.7366
0.8327500000000001
0.34708333333333335
-0.46
1.5647499999999999
1.2078333333333333
-0.5818666666666665
1.0827380952380952
0.57725
-0.811
0.907
-0.006416666666666664
1.1625
1.2005
1.34
1.35925
-0.4094
1.5133333333333332
0.2798333333333334
0.4005000000000001
0.9982880952380951
1.4633333333333332
0.006350000000000023
1.431
1.4764166666666665
1.2000833333333332
-0.774
1.3140833333333333
1.467
1.3683333333333332
1.4413333333333334
-0.02543333333333333
-0.601
1.5518333333333332
1.2405
1.2224166666666665
0.87025
1.3386666666666667
-0.647
-0.061883333333333325
1.016
-0.413
0.9883333333333334
1.3465
0.4387833333333333
-0.35056666666666664
-0.3235
1.396
1.1958333333333333
1.18675
-1.2463333333333333
1.4305833333333333
-0.6828
1.2838333333333332
1.2478333333333333
1.2453333333333332
0.9683333333333333
-0.307
0.916
1.5188333333333335
1.392
1.3565833333333333
1.4675
1.3
0.9851047619047618
-0.611
0.8308333333333334
1.2079166666666665
-0.021916666666666664
-0.663
0.803
-0.64
-1.294
-0.624
1.3763333333333332
0.8877500000000002
1.395
-0.798
1.4343333333333332
-0.497
1.4453333333333334
0.158
0.8970833333333332
-0.11835
1.42725
1.4183333333333332
1.5443333333333333
-0.339
1.3485
0.4023333333333333
0.3695
-0.576
-0.843
-0.51
-0.728
-1.256
0.11433333333333333
1.298
-0.601
0.40975000000000006
1.3235
1.1249500000000001
1.0415
0.14983333333333335
-0.547
0.09145000000000002
-0.856
0.2385
0.39066666666666666
-0.493
-0.592
1.34475
0.38733333333333336
0.8870833333333333
0.3438333333333334
-0.645
1.2815
1.4668333333333332
0.11733333333333335
-0.674
1.3805
-0.758
-0.762
-0.493
1.216
1.4265
1.07825
1.371
0.01158333333333333
1.5493333333333332
1.474
-0.365
1.4373333333333334
-0.543
-0.613
1.26625
1.35425
-0.3355
0.36783333333333335
1.6118333333333332
1.323
1.3973333333333333
1.3716666666666666
1.2801666666666667
0.07375
1.6015
1.049
-0.6791
1.5663333333333334
1.31225
0.31770000000000004
1.3395
1.046
1.4803333333333333
-0.498
-0.575
-0.568
1.28
-0.311
-0.49
-0.539
1.0795
1.4115
1.6103333333333332
1.5288333333333333
-0.2505
-0.427
0.6890333333333334
1.36
-0.6146666666666666
1.4105
1.2325
1.4825
1.54225
1.37775
-0.56
-0.492
-0.604
1.2365
1.186
0.46908333333333335
1.5328333333333333
0.19141666666666665
1.1554166666666665
-0.593
0.2570833333333334
-0.269
1.27925
1.134
1.3405
1.23325
1.31725
0.9045833333333334
-0.33375
-0.175
0.5216833333333333
1.36325
1.54225
-0.5162
0.36100000000000004
0.8456333333333333
1.3493333333333333
1.34325
1.39425
1.18625
-0.5476666666666666
-0.469
1.4001666666666666
-0.745
0.20658333333333334
1.4876666666666665
-0.498
1.3778333333333332
-1.221
1.396
-0.611
0.38575
-0.657
0.8865833333333334
1.0313333333333334
-1.185
-0.571
1.3856666666666668
0.4380833333333334
1.3561666666666667
1.377
1.3698333333333332
1.3948333333333331
1.3705
1.355
0.5243666666666666
1.3469166666666665
-0.292
1.26625
0.0004166666666666714
0.9269214285714285
1.1055
-0.616
1.5046666666666668
1.3493333333333333
0.9403666666666667
-1.19
1.0133333333333334
1.34775
0.06775
1.40575
-0.598
-0.599
1.158
1.5599333333333332
-0.262
1.3634166666666665
1.0795
-0.5
1.5288333333333333
1.3013333333333332
-0.1605
1.1329166666666666
0.833
0.2749166666666667
1.4179166666666665
-0.5820833333333333
-0.367
1.466
1.253
1.2898333333333332
1.512
1.1955
1.3775
1.3385
0.3773166666666667
1.1730999999999998
-0.546
-0.638
0.4390833333333334
1.3879166666666665
1.1549166666666666
1.3203333333333336
1.261
0.32683333333333336
0.2791666666666667
1.15575
0.5078666666666667
-0.498
1.357
-0.693
-0.689
-0.6782
-0.772
0.2705
-0.774
0.8775166666666667
0.4957500000000001
-0.604
-0.2045
-0.595
0.24983333333333335
0.19216666666666668
1.4658333333333333
0.7828500000000002
0.3325833333333334
1.24
0.009216666666666663
-0.593
-0.42
-0.033549999999999996
-0.368
1.4569166666666666
1.3005833333333334
1.30175
-0.653
1.3443333333333332
-0.4218333333333334
-0.488
1.407
1.442
0.642
1.3199166666666664
-0.75
1.18425
1.3775
1.25925
0.14661666666666667
1.093
1.2955
0.9360833333333334
0.9750166666666668
-1.15825
0.25816666666666666
0.93275
0.9948333333333333
1.34775
1.158
-0.311
0.9015000000000001
-0.81
-0.701
-0.647
0.8865833333333334
1.2079166666666665
1.51925
1.441
0.7576333333333335
1.1695
1.32825
-0.3975
1.5475
1.4183333333333332
-0.6245
0.20848333333333333
1.4143333333333332
0.822
1.5988333333333333
0.5459166666666667
1.348
1.2066
1.6053333333333333
0.007883333333333332
1.371
1.6013333333333333
1.5525
1.3465
1.03375
0.47241666666666665
0.7580666666666666
0.35358333333333336
1.395
1.262
1.4144166666666664
0.73675
1.4715
1.329
1.3243333333333334
1.5146666666666666
1.313
1.3295
0.3130333333333334
1.42475
1.271
1.45525
1.369
0.904
1.3605
1.37525
1.16
1.5709166666666665
1.195
1.1805
1.4305
1.40675
0.38175000000000003
1.1504166666666664
0.5598333333333334
-0.2277166666666667
0.5224166666666668
1.2105
1.3765
0.3784
0.052333333333333336
1.148
-0.2995
-0.2774
0.23604999999999998
1.5494999999999999
1.469
1.26225
-0.14593333333333333
1.0445
1.05675
0.98775
1.05675
0.80275
1.0139166666666666
1.1045
0.6377666666666667
1.10375
0.3337
0.92175
1.00725
1.6385
0.13676666666666665
1.455
1.455
0.31210000000000004
0.97825
1.38875
0.75075
0.37700000000000006
1.503
0.75225
1.2915
0.046416666666666655
1.455
1.2789166666666665
1.1615
-0.19
0.5539333333333334
0.28876666666666667
0.3632666666666666
1.4445833333333333
1.037
1.52475
1.3165
0.89175
0.80675
0.7912666666666668
0.19133333333333336
0.99075
0.78675
-0.54
0.162
-0.629
1.163
-0.09341666666666666
0.41608333333333336
1.385
0.48618333333333336
1.4135
1.3748333333333334
-0.2805
1.425
1.449
-0.548
-0.576
1.28475
-0.6188333333333332
1.486
-0.608
1.4704166666666665
-0.2045
0.9286166666666666
1.329
-0.606
1.502
-0.607
1.2785
