-0.8130642857142857
0.7747666666666665
0.55095
-0.7424595238095238
0.6024976190476192
0.6836666666666665
-0.9025833333333334
0.39350000000000007
0.5117142857142858
0.6807833333333333
0.6537309523809524
-1.0284166666666668
-1.0787761904761906
0.6329809523809523
0.8104666666666663
0.36923333333333336
0.6999809523809524
0.38951666666666673
0.10249285714285715
0.7797476190476188
0.4708
0.5642416666666665
-0.8551428571428571
-1.1323928571428572
0.7345833333333333
0.8105976190476188
-1.029809523809524
0.6474833333333334
-1.1425238095238097
-0.6008333333333332
0.9180166666666666
0.6050000000000001
-0.9862595238095238
-0.6836261904761904
0.6576500000000001
-1.0347738095238097
0.7329833333333333
0.7396166666666667
0.6329000000000001
-1.1360238095238093
-0.8809761904761905
0.7741666666666666
0.971383333333333
0.8386499999999999
0.6514809523809523
0.5928809523809524
1.0677309523809524
-0.8956666666666667
1.074633333333333
-1.0259404761904762
-1.098642857142857
0.6406000000000002
0.6533833333333333
0.5042666666666669
0.41021428571428575
-0.8629761904761905
-0.9923928571428571
-1.1751571428571428
0.8692499999999997
-0.8674761904761905
0.5808166666666668
0.6334166666666666
-0.8326428571428571
-0.8198095238095239
0.6233833333333333
-0.68175
0.4643976190476191
0.7671333333333332
0.659716666666667
-0.5677761904761904
-0.7931833333333332
-0.6862761904761905
-0.9038428571428573
1.0299999999999996
-0.9369261904761905
-0.8860595238095239
-1.0118809523809524
0.6343666666666666
0.7732166666666666
-0.8568928571428571
-0.9233928571428572
-0.9560595238095239
-0.8953761904761903
-0.9226904761904762
-0.8165833333333333
0.4807642857142858
-0.9040595238095237
0.6422642857142857
-0.8411761904761905
-0.9310928571428572
0.6856642857142857
-0.9240595238095238
-1.01725
0.6526142857142857
0.6604309523809525
0.7036976190476192
-0.9416666666666667
0.5180976190476192
-0.8009999999999999
0.7605309523809523
0.7712166666666666
-0.7398666666666667
-0.9212166666666666
-0.77925
0.7216333333333332
-0.6782833333333333
-0.8800095238095238
0.48600000000000004
0.7579142857142857
0.6371
0.6651
-0.9118928571428571
0.6972309523809525
-0.9265571428571429
0.5610809523809525
-1.041904761904762
0.6534309523809524
-0.8723928571428571
0.5117142857142858
0.8823499999999997
0.7031809523809524
0.8008142857142857
-1.096345238095238
0.5994142857142858
-0.9325
0.6334309523809524
0.7472142857142857
0.7117833333333334
-0.7234166666666665
-0.9261071428571428
-0.8494761904761905
0.6253309523809525
0.7929333333333333
0.7539333333333332
0.6777642857142857
0.6366642857142856
0.8620928571428571
0.6047809523809523
-0.8158428571428572
1.0881738095238096
-0.8598833333333333
-0.8723095238095239
0.4426309523809524
0.6609809523809523
-1.1365261904761905
0.6506809523809525
-1.0239761904761906
0.6325833333333334
-0.8773166666666667
1.134664285714286
-0.7829761904761905
0.6991833333333334
0.8311976190476191
-0.9504666666666667
0.6525833333333334
-0.9433928571428571
0.6705142857142857
-1.1643571428571426
0.8811166666666665
0.6913809523809523
-0.8722738095238095
0.5096666666666667
0.4319166666666666
0.811597619047619
0.44958333333333345
0.4993547619047619
-1.114642857142857
-0.94325
-0.8065261904761905
0.4712476190476191
1.1483999999999999
0.6874666666666667
0.6007
0.8567333333333332
0.705052380952381
0.5515166666666667
0.6339666666666667
0.5971166666666667
0.8420333333333331
-0.8255595238095237
0.5483333333333333
0.6482666666666667
0.7404833333333334
0.7726809523809524
0.44445000000000007
0.7508499999999999
0.690495238095238
0.8348333333333332
0.8336999999999998
0.65375
0.23535
0.37305
0.5846166666666667
0.695047619047619
0.8474666666666667
0.5313809523809524
0.9724999999999998
0.9478999999999997
0.6595333333333333
0.5757666666666666
0.6452333333333332
-0.7644095238095239
0.8119666666666666
0.38430000000000003
0.614647619047619
0.545104761904762
0.64145
0.7965666666666665
0.788883333333333
0.7637999999999998
0.6104142857142857
0.7442166666666666
0.7575166666666666
0.727697619047619
0.9855809523809523
0.533804761904762
0.7093833333333334
0.9281309523809526
0.5409666666666667
0.7130666666666666
0.7923142857142856
0.6422809523809524
0.6508833333333334
0.5398000000000001
0.6847642857142856
0.6869166666666667
0.5581642857142857
0.8083642857142856
-0.3901904761904762
0.4959
0.6700809523809523
0.5781642857142858
0.4865833333333334
0.6023166666666667
0.36751666666666677
0.7891166666666667
-0.8998095238095238
0.7775333333333332
0.5648666666666666
0.3630142857142858
0.6749833333333334
-0.9467595238095239
-0.8990595238095237
0.6157309523809524
0.7324476190476191
-0.9104761904761904
-0.8719404761904761
-0.6684500000000001
-0.9978571428571428
0.8453499999999999
-0.9022261904761905
-0.937142857142857
-1.1829166666666666
0.5701809523809525
0.6586309523809524
-0.8957738095238094
0.6126642857142857
0.763547619047619
-0.65805
0.7018309523809524
-1.0833571428571427
0.5471309523809524
-0.9218928571428571
-1.0494166666666664
-0.78675
0.6709809523809525
0.6942166666666667
0.7973833333333332
0.8181166666666667
-0.41173333333333334
-0.8112261904761905
-0.7724595238095239
0.8831166666666664
0.6562833333333334
0.60475
-1.1555238095238096
1.2454999999999998
-0.951
0.7599333333333332
0.46155000000000007
0.6596833333333333
-0.8640428571428571
1.0860999999999996
0.4281309523809524
0.5286333333333334
0.8962499999999999
1.1197666666666666
0.8934142857142856
0.8815666666666666
0.61995
-1.0830499999999998
0.8738499999999999
0.7943166666666666
0.7363166666666667
0.7236166666666667
0.6383833333333334
1.02505
0.9740999999999996
0.594047619047619
-0.7819595238095237
1.126433333333333
0.5072214285714286
0.8438499999999998
0.7943476190476189
-0.7093095238095238
-0.6368333333333333
-0.8241428571428571
-1.0250571428571429
0.6036642857142858
-0.7877261904761905
-0.8481428571428571
-0.9682261904761905
0.6525166666666666
0.6755
-0.8619261904761906
0.6071642857142857
0.7870333333333331
0.9235809523809525
-0.9066428571428571
-1.0968333333333335
0.6346142857142858
-0.8118095238095238
0.8255833333333331
0.6955166666666667
0.70315
-0.9571666666666667
0.6681642857142858
0.7498666666666666
0.7166333333333333
0.601147619047619
-1.0471666666666666
0.6351666666666668
0.9147809523809523
0.5329309523809524
0.46836666666666665
0.3552166666666667
0.5123333333333334
0.8014309523809524
0.5852833333333333
-0.9082499999999999
-0.7959761904761905
-0.9185595238095239
0.7011642857142856
0.7591666666666668
0.6451833333333334
0.7359833333333333
0.6804000000000001
-0.7653095238095239
-0.9803809523809522
-0.7369761904761905
-0.8988809523809524
0.7721642857142857
-0.7220666666666666
0.5926142857142858
0.5633833333333333
0.8091666666666665
0.57775
-0.9826666666666666
0.8090666666666665
-0.46573333333333333
0.72365
0.6056476190476191
-0.9418071428571427
0.72105
0.733197619047619
-0.9438928571428571
0.7946333333333332
-0.8441904761904762
0.5129309523809524
0.5705809523809524
0.3317833333333334
0.7442666666666665
0.6750142857142858
0.5100166666666668
0.55625
0.640397619047619
0.7640166666666667
-1.1774166666666666
0.26535000000000003
0.7116809523809524
-0.98225
0.7147142857142856
-0.9638095238095239
0.49913095238095245
0.7066166666666667
0.8316333333333332
-0.8327
0.7072642857142857
-1.1281809523809525
-0.9383095238095237
-1.1360238095238093
0.685297619047619
0.625297619047619
0.5313642857142858
0.7696499999999997
0.8789999999999997
0.730597619047619
0.5952142857142858
0.5660833333333335
-0.8852261904761904
-1.0446666666666664
0.6935999999999999
-1.0083095238095239
-0.9021666666666668
0.7554166666666667
-0.812142857142857
0.8691833333333332
0.7727166666666665
-0.6706428571428571
0.7759499999999999
0.5617642857142857
-1.1634976190476192
-0.7412095238095238
1.0747999999999998
-0.8251428571428571
0.7589333333333333
-1.0239761904761906
-0.9688333333333333
0.5097833333333334
0.7108666666666665
-0.8635
0.6246333333333335
0.6921333333333334
0.7581499999999999
-0.8055595238095239
0.7955333333333331
0.592914285714286
-1.017
0.6211809523809524
-1.0175595238095239
-0.8839761904761905
0.3990809523809525
0.8576999999999998
-0.8028166666666666
0.7685833333333333
-0.8808095238095238
-0.8647261904761905
-0.8310595238095239
0.106
0.6504642857142857
0.4510333333333334
0.5998142857142859
0.6286333333333335
0.725
-0.9034404761904762
0.5646666666666667
-0.7330833333333334
0.7891166666666667
0.7747666666666665
0.785
-0.8853928571428572
-1.0287
0.5879333333333334
0.6516809523809524
-0.8338928571428571
0.9188833333333333
1.0049499999999998
0.42010000000000003
0.5872642857142858
0.6944333333333333
0.5371809523809524
0.7056333333333333
0.7785833333333333
-0.8327261904761905
0.6583333333333332
0.9635999999999999
0.7315142857142858
0.6610119047619049
-1.1617738095238097
0.6043976190476191
0.5434666666666667
0.7269999999999999
-1.1853333333333336
-0.9840238095238095
0.7237
-0.9279166666666666
-1.0443833333333332
-0.8616095238095238
0.6880809523809523
0.5472809523809524
-0.6245166666666666
0.6129000000000001
0.43909761904761907
-1.0451809523809525
-0.9218928571428571
0.6244142857142858
0.6943976190476191
0.6391666666666667
-0.5150666666666667
0.669647619047619
0.5534809523809524
-1.0277738095238094
0.5334142857142857
0.6085142857142858
0.4510333333333334
-0.7380428571428571
0.6953476190476191
0.6960500000000001
0.7167333333333333
0.6293476190476192
0.72585
-0.8346499999999999
0.5869309523809525
0.8455333333333332
0.6259309523809523
0.7900666666666666
-0.8170095238095237
0.5657309523809523
0.549097619047619
-1.0631309523809522
0.596147619047619
0.7301809523809524
-0.7403095238095239
0.6119059523809525
0.8032666666666665
1.0389309523809525
-0.8934166666666666
-1.04
-0.8952261904761905
1.0519166666666666
0.6272
-1.009
0.7899833333333333
-0.9210928571428572
0.5611833333333333
0.6130642857142857
0.6452833333333334
0.8313666666666666
0.5240166666666667
1.1697333333333333
0.727
-1.0591309523809522
0.8112999999999999
0.7204976190476189
-0.9706166666666667
0.7516642857142857
-0.8423095238095238
0.6939666666666666
0.4978142857142858
0.68535
0.8172809523809523
-0.8584261904761904
0.6292035714285715
0.6413309523809524
-0.9834761904761905
1.1672809523809524
-1.1524642857142857
1.1092333333333335
0.7274499999999999
-0.9104761904761904
0.708147619047619
0.8118333333333333
0.73905
0.7328142857142856
0.6021976190476193
-0.7819761904761905
0.45789761904761905
-0.8824261904761905
-0.7263999999999999
0.4619976190476192
0.7046666666666667
-0.8234761904761905
-0.8006666666666667
-0.8101428571428572
0.6369000000000001
-0.8505595238095238
0.4725809523809524
0.6835476190476191
0.6439166666666667
-0.7860999999999999
0.8021166666666666
0.522547619047619
0.7309333333333334
-0.9463095238095238
-0.9240928571428572
0.7570404761904761
0.6965999999999999
1.0536666666666665
0.6143726190476192
0.6672166666666666
0.383597619047619
0.5472809523809524
0.7966333333333333
-0.5856666666666667
0.7464
-0.9283571428571428
1.1070499999999996
-0.699
0.8408999999999999
0.7852499999999999
-0.9167261904761905
-0.6351833333333333
0.5101666666666667
0.8854166666666667
0.7606499999999999
0.45990000000000003
0.7301809523809524
0.66335
0.8201666666666666
0.6953000000000001
0.4490642857142858
0.6401809523809525
0.7984166666666667
0.8044499999999999
0.6037833333333333
-1.028392857142857
-0.9238571428571428
0.29376666666666673
-0.7609761904761905
0.48623095238095243
0.5481309523809524
0.27756666666666663
0.6502642857142856
-0.7326666666666666
-1.1795
-1.137190476190476
0.6235142857142857
-0.6217666666666667
0.7369666666666665
-0.8741428571428571
-1.0403928571428571
0.6814833333333333
0.36661666666666676
0.20361666666666664
-0.7867261904761905
0.6388976190476191
0.7211952380952381
0.5910142857142858
0.774347619047619
0.8363166666666665
-1.0591309523809522
0.68535
-0.9119261904761905
-0.8249999999999998
0.7630833333333332
-0.8362595238095237
0.6101892857142858
0.6112142857142858
0.5006142857142858
0.6887000000000002
-0.8840595238095239
0.67815
0.5663642857142857
0.7679388888888887
1.0487166666666665
-0.7225833333333332
0.33159999999999995
0.6766666666666666
0.7204976190476189
0.7493
0.7152000000000001
1.0541666666666665
0.5121642857142858
-1.0765928571428571
0.6154809523809525
0.6537309523809524
0.6963333333333335
0.3299666666666667
0.7968333333333333
0.6351142857142856
0.5474166666666668
0.6191476190476191
-0.7062166666666666
0.7631666666666665
0.7475976190476191
0.7420166666666667
-1.155345238095238
0.5587000000000001
-0.5339333333333333
0.5140142857142858
-1.015192857142857
0.6838000000000001
-1.0189642857142858
0.6528333333333333
0.4490642857142858
0.6331833333333334
0.6528809523809526
0.5065833333333334
0.5711809523809525
-0.9509738095238096
-1.0092142857142858
0.3826166666666667
0.9556999999999999
-0.9423333333333334
0.7700499999999998
0.5726476190476191
-0.9024595238095239
-1.1718095238095239
0.6772476190476191
0.38205
0.8051333333333333
0.6350142857142859
-0.9126166666666666
0.6132309523809524
-0.8590238095238094
-1.1017738095238097
0.5383333333333334
0.70265
-0.595597619047619
0.7146
0.7669833333333332
-0.7209
-0.9549404761904762
0.6328142857142858
0.5615785714285714
1.0481666666666665
0.42873333333333336
0.5122642857142857
0.5569809523809524
0.6997809523809524
0.5041833333333334
-0.9803809523809522
0.6505642857142857
1.032833333333333
-0.7918095238095237
-0.8081261904761905
-0.7397166666666666
0.5820166666666667
0.5519309523809525
-1.1056428571428571
-0.6945166666666667
0.674097619047619
0.5892142857142858
1.0286476190476193
-0.91475
-0.9453071428571427
0.6422809523809523
0.7464
-0.9677261904761905
-0.9871666666666666
0.6512142857142857
0.6480642857142856
-0.8349761904761904
0.6471142857142858
0.8464809523809524
-0.8315095238095238
0.5946500000000001
-0.8638928571428571
-0.7995833333333333
0.5796500000000001
-0.6927761904761905
0.6041
-0.8335261904761906
0.6591666666666667
0.6275809523809526
-0.8769761904761905
0.5916666666666667
-1.1169404761904762
0.3479666666666667
-0.9241761904761905
0.7763642857142857
0.49169999999999997
0.6703
-1.1425238095238097
0.6570666666666666
0.689347619047619
0.6611
-0.8141428571428573
-0.8918833333333333
-0.9466880952380952
-1.191
0.9897666666666666
0.8465642857142858
-1.0659166666666666
0.4540166666666668
0.7750809523809523
0.5740142857142857
0.7342642857142856
-0.60665
0.6968833333333333
-1.0741095238095237
0.6788809523809524
0.7477666666666667
0.83665
-0.923104761904762
0.33943333333333336
0.45506666666666673
0.7279333333333333
-0.9444404761904762
0.7519499999999999
0.6724833333333334
0.8924833333333332
0.6174142857142857
0.6482666666666668
0.5881666666666667
-0.9478928571428571
0.566372619047619
0.742297619047619
-0.7548595238095238
0.8164642857142855
-1.0239761904761906
-1.046
0.4448833333333334
0.6334166666666666
-0.9245095238095239
0.7585571428571428
-0.9740595238095238
0.6433666666666668
-1.0084428571428572
-1.0130833333333333
0.9635833333333332
0.4852833333333334
-0.8737261904761905
0.5782666666666667
0.6989166666666666
0.6230166666666668
0.4756166666666667
-0.9993928571428571
-0.7725833333333333
-0.8510833333333334
0.7258333333333333
-0.46143333333333336
-0.9478928571428571
-0.9678095238095239
0.57775
0.7834833333333332
0.5955666666666667
-0.9432261904761905
0.6714166666666667
-0.9785738095238095
1.1495976190476191
0.7702476190476191
0.8429833333333332
0.7812642857142856
0.7337666666666667
0.4706476190476191
0.5894642857142859
-0.9908928571428572
0.6677309523809525
0.5734333333333334
-1.1692738095238095
0.7554999999999998
0.7207476190476192
-1.0018928571428571
-0.8806428571428571
0.6937309523809523
0.49985000000000007
0.3280833333333334
0.5306333333333335
0.7429142857142857
-0.8197499999999999
1.077833333333333
-1.1040261904761905
-0.7910333333333333
1.2705666666666666
0.6123309523809524
0.2791833333333334
1.0591833333333334
0.4267976190476191
-0.9116666666666667
0.792247619047619
0.28525
-0.13113333333333335
0.5841166666666665
0.5364142857142858
1.3126666666666666
0.6388976190476191
0.41919999999999996
0.5202833333333334
-0.8431309523809523
0.6661833333333332
0.7017666666666665
0.6419142857142857
-0.7568833333333334
0.7073833333333335
0.5186333333333334
0.49038333333333345
0.7966333333333333
-0.8877261904761905
0.5503309523809524
0.5174500000000001
0.7030666666666667
-0.6232666666666666
0.73055
0.5910142857142858
-0.8111666666666667
-0.8734761904761905
0.6544809523809524
0.8017166666666667
-0.8873928571428572
0.7853833333333333
-0.9594476190476189
0.5977166666666667
0.6949142857142858
0.5982500000000001
0.3736333333333333
0.7757333333333333
-0.7045
0.6338142857142857
0.49953333333333344
-1.0238333333333336
0.6365833333333335
-0.7834761904761904
0.4474666666666667
0.7561166666666665
0.56335
0.5700166666666667
0.7931666666666665
0.7657499999999999
0.6135142857142857
0.6114666666666667
0.8630833333333332
-0.7664999999999998
0.20004999999999998
0.6278476190476191
0.6826476190476192
-1.21275
0.8090666666666666
-1.0513095238095238
0.6507999999999999
-0.9035595238095239
0.5927142857142857
0.6512333333333333
-0.9413428571428571
0.665307142857143
-1.059095238095238
-0.92755
-1.192059523809524
0.7303642857142858
0.5912476190476192
0.8445333333333334
0.6725166666666667
1.0540476190476193
-1.1591809523809522
0.4709666666666667
0.7320476190476191
-0.9852761904761904
0.5259559523809524
0.5180333333333333
0.48378809523809524
-0.9543428571428573
0.49981666666666674
0.6259309523809523
0.7556499999999999
-1.1363809523809523
-0.8443928571428571
-1.0306666666666666
-1.084442857142857
0.7507499999999999
0.42849761904761907
0.7459333333333332
-1.0675
-1.1639642857142858
0.6664809523809523
0.56735
0.5977642857142857
0.5125833333333333
0.6906642857142857
0.7015333333333333
-0.9091309523809523
-0.9034642857142857
-0.8358095238095239
0.6969476190476191
0.5441333333333334
-0.8853928571428572
-0.8366428571428572
0.44126428571428566
-0.90375
0.25726666666666664
1.0040166666666666
-0.946047619047619
0.6847642857142857
0.5646333333333333
0.7211952380952381
0.8143142857142857
0.6230166666666668
-0.711
-0.9063928571428572
0.5581642857142857
1.0316666666666665
-0.9439428571428571
0.6874642857142857
0.9180499999999998
0.5726142857142856
0.4743500000000001
0.7347833333333333
0.4834809523809525
-1.0713571428571427
0.5572666666666667
-0.7889761904761905
-0.8517595238095238
-0.8889642857142857
0.5041833333333334
-0.9984166666666666
0.8974999999999997
-0.8989761904761905
-1.0029761904761907
0.6289619047619047
0.5416309523809524
-0.8718095238095238
-0.9574571428571428
-0.9338095238095238
0.5879000000000001
-0.9797261904761905
0.653597619047619
-0.8357738095238095
0.5405
-1.1483928571428572
0.7787142857142856
-1.0225833333333334
0.6883309523809523
-0.6159333333333333
0.6846476190476191
0.7555999999999999
0.6534309523809524
0.7343833333333333
0.6421809523809524
0.6568333333333334
-0.7647261904761905
0.707847619047619
-0.8598928571428571
0.6903809523809524
0.5939142857142858
-0.8187261904761904
-0.9072333333333333
-0.9183928571428572
0.7546642857142857
0.5669166666666666
0.7554999999999998
0.637647619047619
-0.9504404761904761
0.8376166666666667
-0.8667333333333332
-0.8661666666666668
0.5504976190476191
0.7434809523809524
-1.1081309523809524
-0.7693095238095239
0.5541226190476191
0.6878809523809524
0.7257142857142856
0.8119999999999998
0.7202166666666667
0.6006476190476191
-0.8207095238095237
1.1687666666666665
0.6497833333333334
0.9824809523809523
-0.9112976190476191
-1.077357142857143
0.5081333333333333
0.7234642857142857
-0.611542857142857
0.7210809523809525
0.7900666666666666
-0.6719333333333333
0.7834
0.5377071428571429
-0.9675
-0.7546428571428571
0.8823499999999997
-0.8082261904761905
0.6847142857142857
-0.9371666666666667
0.8237666666666665
0.7277833333333333
-0.8085928571428571
1.0776499999999993
-0.8241428571428571
0.6876000000000001
-0.8565499999999999
0.7335833333333334
0.8244
-0.7412095238095238
-0.8594261904761905
-0.8804261904761904
0.6858166666666667
0.5934976190476192
0.6973666666666667
0.532797619047619
-1.0232238095238095
0.5444809523809523
0.7828642857142857
-1.0567738095238097
-1.0842976190476188
0.6331309523809524
0.7410309523809523
0.5854
-0.9679738095238096
0.6820166666666667
0.6878500000000001
0.5915642857142858
0.8261666666666665
0.58185
-0.9143928571428571
0.6429833333333332
0.6819166666666666
0.6749642857142857
0.5303142857142858
-1.0041166666666668
-0.8439761904761904
0.73205
-0.9913928571428571
-1.185
-1.1183928571428572
0.7640166666666667
0.6531476190476191
0.5705642857142855
0.8381833333333335
-0.7048
0.6206809523809524
1.0541666666666665
1.0918809523809523
0.5529166666666666
0.6771166666666668
0.5249666666666667
0.5543976190476191
0.5699642857142857
0.7833166666666667
0.7721333333333332
0.725
0.9724999999999998
0.6725166666666667
-0.8788428571428573
-0.8425595238095238
0.19783333333333328
0.5434809523809524
0.6284666666666667
0.5640309523809524
0.5366976190476193
0.6772642857142858
-0.8873928571428571
0.7146
0.6965999999999999
0.33513333333333334
0.7409166666666667
0.6573333333333333
0.3093
-0.9936428571428572
-0.8409761904761904
0.48663333333333336
0.7787999999999999
0.5294642857142859
-0.9253928571428571
0.6951666666666666
-0.9883928571428572
0.6516809523809524
0.7191642857142857
0.7346500000000001
-0.9731904761904763
0.7148976190476191
0.5781642857142858
0.7195999999999999
-0.8773166666666667
-0.937292857142857
-0.8549595238095238
-1.0657738095238096
0.5701976190476191
-1.0609666666666666
-0.8985095238095238
-0.8292261904761905
-0.6518333333333333
-1.0540071428571427
0.45133333333333336
0.6991833333333334
0.6718238095238095
0.6144476190476191
-0.8598833333333333
0.2760166666666667
0.48378809523809524
-0.695
1.1282999999999999
-0.8086309523809524
0.6726809523809523
0.45990000000000003
-0.8873928571428571
0.8561333333333332
0.4319166666666666
-0.765
0.5119333333333335
-0.9387738095238095
-0.9956761904761905
0.625297619047619
0.5485976190476192
-0.8357738095238095
0.6306809523809525
0.684397619047619
0.7367809523809523
0.8879999999999998
-0.9164761904761904
-0.8602595238095238
0.6677166666666667
0.71075
0.8095166666666666
-0.8103928571428571
-1.105797619047619
-0.8908928571428572
0.45710000000000006
0.7971976190476191
0.7587309523809523
0.6534309523809524
-1.0253928571428572
1.2585499999999998
-1.0033928571428572
0.7161476190476189
0.8442833333333332
-0.914342857142857
0.6637809523809525
-0.908890476190476
-0.8398095238095239
-0.8540595238095238
-0.8711428571428571
0.6336976190476191
0.8300833333333332
0.48603095238095245
0.4971000000000001
-0.7745
0.7259166666666667
0.47315
-0.8203928571428571
0.5686500000000001
-0.954140476190476
-0.6948333333333333
0.6835142857142857
0.8412833333333332
0.5877833333333333
-1.0403071428571429
0.6631500000000001
-0.6576000000000001
-0.9742261904761905
-0.8746761904761905
-1.0597166666666666
-0.7599761904761905
-0.8733095238095238
-0.9793428571428572
-1.1131309523809523
0.5482642857142858
-0.8237595238095238
-0.7021
-1.0070595238095237
0.7209833333333333
-0.9204261904761906
0.7451333333333332
-0.8531499999999999
-0.969547619047619
0.689347619047619
1.0355999999999999
0.4764809523809525
0.7386
-0.9243928571428571
-1.010892857142857
0.5326309523809524
1.0223666666666664
0.6041976190476191
0.6816666666666668
0.6769833333333334
0.77915
0.4871976190476191
0.36803095238095246
-1.0839642857142857
0.30895000000000006
-0.6635666666666667
0.7390142857142857
0.6011476190476192
-0.9389738095238096
-0.9428571428571427
0.7515333333333333
0.49278095238095243
1.2650499999999998
0.6064642857142858
-0.8446666666666668
0.6663833333333333
-0.9560595238095237
0.7170166666666666
0.6639309523809523
-0.711
-0.8429404761904762
0.8462
0.6157809523809524
0.609697619047619
0.6426666666666667
0.7348
0.7741999999999999
0.7840833333333331
-1.1353333333333333
0.7259976190476191
0.6264166666666666
0.6523642857142856
0.6575333333333333
1.0493166666666665
0.6932833333333333
-0.7458976190476191
1.1512142857142857
0.6195166666666667
0.4013333333333334
0.6772166666666666
0.7316166666666668
-0.8445595238095238
0.47846428571428573
1.0101666666666667
-0.7456428571428572
0.6973666666666667
0.2652166666666667
0.7568333333333332
0.6823833333333333
0.8603999999999998
0.7206666666666667
0.8119666666666665
0.5632666666666668
0.7923142857142856
0.7609666666666666
-0.65775
0.7
-0.8190833333333333
0.5912309523809525
0.5288309523809525
0.7684833333333333
0.6985642857142856
0.9419833333333332
0.9029999999999998
0.25716666666666665
-0.8220833333333334
-0.9276904761904762
1.014333333333333
0.7789476190476189
0.8593
-1.0673809523809523
-0.9836071428571428
0.6671333333333334
0.5062666666666668
0.7149666666666665
0.599247619047619
0.6919333333333334
0.6403333333333334
0.9699999999999999
0.9965833333333332
-1.0249428571428572
0.606547619047619
0.7336166666666666
0.6455392857142858
0.6332309523809523
0.5535166666666668
0.7135499999999999
0.5685476190476191
-0.6358833333333334
-1.14475
0.5627000000000001
0.61735
-0.952592857142857
0.7128333333333333
-0.5150666666666667
0.5295833333333334
0.6755976190476191
0.8201666666666665
0.7737833333333333
-0.5372
-0.9950595238095238
-1.0214642857142857
1.1176999999999997
0.6714
0.5008833333333333
0.4835142857142858
0.6365833333333335
-1.08805
-0.8914261904761905
0.6256476190476193
1.0595
0.9455166666666666
-0.8963928571428571
-0.9382595238095238
0.4952333333333334
0.685297619047619
0.5668500000000001
0.7823833333333332
-0.6106833333333334
0.8258166666666666
1.1148809523809522
0.5886500000000001
0.39200000000000007
0.33304999999999996
-0.9574571428571428
-1.157190476190476
0.4358666666666667
0.8819166666666663
0.7286476190476191
0.6154809523809525
0.5572166666666667
-0.9127738095238094
0.8631999999999997
-0.7609761904761905
0.9120666666666666
0.5558619047619046
0.6028666666666668
0.5065833333333334
0.6127476190476191
-1.2960238095238097
0.9225476190476191
0.9280833333333334
0.5300333333333334
-0.821
-0.9574166666666666
0.8103833333333332
-1.0717761904761907
-1.1347142857142858
-0.8115
-1.0701309523809523
0.6225499999999999
0.6972309523809525
0.7205142857142857
0.5843642857142859
0.732097619047619
0.4571333333333334
0.7328833333333333
-1.0451309523809522
-0.8297595238095239
0.5841166666666667
0.8612833333333333
1.2733333333333332
0.6807000000000001
0.5974476190476191
0.5824619047619048
0.750547619047619
0.5141000000000001
-0.8402595238095237
0.7256999999999999
0.6557309523809525
-0.9510595238095237
0.5640809523809525
0.7787333333333333
0.4280476190476191
0.6434309523809525
0.58185
-1.0795833333333336
0.47449761904761906
-0.8853928571428572
0.6422666666666667
0.5826476190476192
-1.0559642857142857
-1.1070499999999999
0.5129309523809524
-0.8658095238095238
0.8032666666666665
0.7239000000000001
0.7268833333333333
0.21231666666666665
0.7031166666666666
-0.711
0.653497619047619
-0.8530666666666668
0.8248833333333332
0.4393166666666667
0.6382166666666667
0.41140000000000004
0.9547333333333331
-0.8309761904761905
0.5616333333333333
-0.9432738095238095
0.5129309523809524
-0.761892857142857
0.5304809523809524
0.5532476190476191
0.7482166666666665
0.6079976190476191
0.7278142857142855
0.7677309523809523
0.5074892857142858
0.8345833333333331
0.8384666666666666
-0.7548095238095237
0.7582666666666665
0.6332309523809523
0.7507499999999999
-0.9184309523809524
0.6517499999999999
-1.053692857142857
0.5908142857142857
0.9729833333333331
0.7216333333333332
0.7066809523809524
0.5897309523809524
0.7207476190476192
0.4894309523809524
0.6099976190476191
0.8602666666666667
-0.9844738095238095
-0.9955809523809522
-0.8590238095238094
-1.0131309523809522
0.720297619047619
0.6850333333333333
0.6462309523809523
0.5772642857142858
0.5744333333333334
0.4708
0.5852976190476192
0.8547166666666666
-1.057192857142857
0.565997619047619
0.8400666666666666
0.6703476190476191
0.5862583333333333
-1.036309523809524
-0.7753095238095239
-0.9931071428571429
-0.9224166666666667
0.7821999999999999
-0.8279
0.6475642857142857
0.23921666666666666
0.9188833333333333
0.5946500000000001
-0.7340595238095238
0.6030833333333334
-0.8830595238095239
0.41761666666666664
0.5467833333333333
-1.047059523809524
0.7243309523809525
0.7054166666666667
0.7343142857142858
1.0000833333333332
-0.8753095238095238
-0.7449761904761905
0.7756499999999997
0.734
-0.9011666666666667
0.7839999999999998
0.6433166666666666
0.631347619047619
-0.8291428571428572
0.70585
0.5704642857142856
0.2863833333333333
-0.7691095238095239
0.7358333333333333
-0.8924166666666666
0.99835
-0.9664261904761904
0.5751833333333334
0.2258833333333333
0.9154166666666665
0.5450809523809524
0.6830166666666666
0.6896333333333333
-1.0144404761904762
-0.910047619047619
0.7017333333333332
-1.0909166666666665
0.7161476190476189
0.7601666666666667
0.6705833333333335
0.7056309523809523
0.6357000000000002
-0.7333095238095239
0.8298999999999999
-1.0264761904761903
1.1074833333333332
-0.7563499999999999
0.43481666666666674
-1.028557142857143
0.8091666666666665
0.6597809523809524
-0.7890261904761906
0.6510499999999999
0.7058642857142856
-0.8310595238095239
-0.9454761904761906
0.5689142857142858
0.48378809523809524
0.6482809523809524
0.579947619047619
-0.7945666666666666
0.7466
-1.070892857142857
-0.8453333333333334
-0.9896428571428572
0.6376666666666667
-1.1410261904761905
0.7023666666666667
1.0099999999999998
0.4988809523809524
0.6650833333333336
0.25759166666666666
-1.1806309523809524
1.059497619047619
-0.7838095238095237
0.8458142857142857
0.7580500000000001
0.8525499999999998
0.6438333333333333
-0.6261095238095238
1.0572166666666665
0.7478142857142857
0.7298833333333334
-0.8969761904761905
0.7279
0.6421809523809524
0.5954309523809522
0.6952142857142856
-1.0221928571428571
-1.0153095238095238
0.5928166666666668
0.7258809523809523
0.5383333333333334
0.6529976190476191
0.7572999999999999
0.8390666666666666
0.6328809523809523
-0.6860166666666666
1.0163666666666664
0.6218476190476191
0.7374166666666666
-0.7838333333333334
0.50255
0.5161642857142857
0.9172333333333331
0.3841833333333333
0.6418142857142857
-0.8767261904761905
0.24591666666666667
0.606547619047619
0.5334000000000001
-0.7511666666666666
0.8405499999999999
0.5504976190476191
-0.05645714285714286
-0.8386095238095239
0.5927309523809524
-0.8376428571428571
-1.1185
0.5895809523809524
0.6522166666666667
1.0930666666666664
0.8021499999999999
0.5222642857142857
0.6648833333333332
0.5227833333333333
0.6149476190476191
-0.8711428571428571
-1.0959166666666664
0.7434333333333333
0.5686142857142857
-1.0372261904761906
0.4731
0.6997809523809524
0.7271166666666666
0.5837333333333333
1.37915
-0.9451404761904761
0.6970666666666667
0.41201428571428583
0.6102309523809525
-1.0745833333333334
0.7423809523809524
0.5389166666666667
0.5508666666666667
0.5108166666666667
-0.8711333333333333
-0.8383428571428571
-1.0271666666666666
0.7107309523809523
0.6810142857142857
0.2782666666666667
1.3193666666666666
0.6663833333333333
-0.9078571428571428
-0.8996761904761904
0.36661666666666676
0.5488309523809524
0.7554666666666667
0.6325833333333334
0.659716666666667
-0.8594761904761905
-1.0587261904761904
-0.9252142857142858
0.5666309523809524
0.7643499999999999
-0.9241642857142855
-0.9929761904761905
0.22051666666666667
0.5794166666666666
0.6873452380952381
-1.0459166666666666
0.6422142857142856
-0.9832261904761906
0.8869999999999998
0.35815
0.4509500000000001
0.5156916666666667
0.6331309523809524
0.39030000000000004
0.5764142857142857
0.5627833333333332
-1.0765928571428571
0.8412071428571429
-0.7678095238095237
-0.8078333333333333
-0.9533571428571428
-0.9454166666666668
0.6132500000000001
-1.08805
0.6094476190476191
-0.7263666666666667
-0.8588928571428571
-1.011807142857143
0.5453309523809522
0.5144142857142857
0.5355166666666666
0.6531642857142858
0.6071833333333335
-0.8594261904761905
-0.8055095238095239
-0.72465
0.5805
-0.9497738095238095
0.5560142857142857
1.0764166666666666
0.5936166666666667
0.6224666666666667
-0.8245833333333332
0.6790142857142857
0.7507166666666666
0.5673809523809524
0.6653476190476191
0.7667499999999998
0.4651
0.7333166666666666
0.6300142857142857
0.7812642857142856
0.51425
-0.8007261904761905
0.8178
0.44541666666666674
-0.8879761904761905
-0.9088928571428571
0.72485
-0.8545095238095238
0.8836999999999998
-0.6803095238095238
0.5975976190476191
0.4612833333333334
0.4886500000000001
-1.193892857142857
-1.0541666666666665
0.5170476190476192
-0.6714095238095239
0.6607976190476189
-0.7321
0.6362809523809524
0.8211666666666667
-0.8016428571428571
0.6391333333333334
-0.8493095238095237
0.67845
0.52905
0.7648833333333334
-0.9478928571428571
-0.9401428571428574
0.6075333333333333
-0.8190833333333333
-0.9788238095238094
-1.096345238095238
0.5987333333333333
-0.9726428571428571
0.8388499999999999
0.30528809523809525
0.6869642857142857
0.9035333333333333
0.7640999999999999
-0.7995428571428571
0.708147619047619
0.6546166666666665
0.5569809523809524
0.4589166666666667
-1.13675
0.6604666666666666
0.6817142857142857
0.6334309523809524
0.6126642857142857
-0.9415595238095239
0.817247619047619
0.7051642857142857
0.6385976190476191
-1.0239761904761906
0.6597809523809524
1.014333333333333
0.6795
0.5981642857142858
-0.9085928571428572
-0.7449761904761905
0.9114999999999996
0.5551309523809523
0.8263166666666666
-0.8429404761904762
0.5447642857142858
-0.9526428571428571
-0.8885833333333334
-0.8752738095238095
0.5888000000000001
1.1155833333333338
0.6559976190476191
-1.1630833333333332
0.5777809523809524
-0.7658928571428572
0.6760642857142857
-1.057209523809524
0.8577499999999999
-0.9414261904761905
0.6094476190476191
0.6095666666666667
0.31505
-0.98725
-0.9183095238095237
0.580097619047619
0.6405833333333334
-0.8836071428571428
0.6071833333333335
0.5706309523809525
-1.1410833333333332
0.5471809523809524
0.37121666666666675
0.6695666666666668
-0.9173095238095239
0.7058833333333333
1.0271499999999996
-0.9394261904761906
0.6305976190476191
0.5442809523809524
0.6065309523809523
-1.0347738095238097
0.6507309523809525
-1.0499166666666668
-0.8009261904761904
1.134664285714286
0.5548666666666668
0.8159999999999997
0.5507809523809524
0.5515500000000001
0.5628166666666666
0.6265142857142858
-0.7745
0.5061500000000001
0.6096642857142857
0.47315
0.685297619047619
0.6306833333333334
0.5308666666666668
0.5928166666666668
1.0489333333333333
-1.1595
0.49175000000000013
0.6982976190476191
-0.7221666666666667
1.073533333333333
-0.9879166666666668
0.6486309523809523
0.8314
-0.737
1.1551809523809524
0.7259166666666667
0.4488809523809525
0.533897619047619
-0.8182595238095237
0.40620000000000006
0.63675
0.48501666666666676
0.48885000000000006
0.6091833333333334
0.5700166666666667
0.31006666666666666
0.5673976190476192
0.42158095238095233
0.6388142857142857
0.7711333333333332
-0.702
0.8633333333333332
-0.8326428571428571
0.5609500000000001
0.4225476190476191
0.6329642857142858
0.5663642857142857
-0.9612738095238095
-0.8970595238095237
0.6602499999999999
0.46144761904761905
0.7115333333333335
0.5126000000000001
0.6120309523809525
0.6484142857142856
0.6394476190476192
-0.9581761904761905
0.7784309523809524
0.6764642857142856
0.513547619047619
0.756647619047619
0.6025833333333334
-1.0142428571428572
0.5943809523809525
-0.8827499999999999
0.7603309523809524
-0.8250000000000001
-1.0022261904761904
0.37978333333333336
-1.099559523809524
0.7536809523809522
-0.07368333333333334
-0.9393071428571427
0.7243309523809524
0.6364833333333334
0.7485666666666666
-0.6571
-0.8623095238095237
0.6485809523809525
0.851947619047619
-0.8908928571428572
-0.8599595238095237
0.7132833333333333
0.8222499999999999
0.7402166666666666
0.7997166666666665
-0.9385928571428571
0.41650000000000004
-0.9959809523809523
-1.0328571428571427
0.5190976190476191
-0.9193928571428571
0.4460833333333334
-1.1624166666666664
0.5302642857142859
0.7912999999999999
-0.8886761904761905
0.7326
0.5987833333333333
-0.9863571428571428
0.6376976190476191
0.5064642857142856
-1.1233809523809524
0.7112999999999999
0.7365142857142856
-0.9496642857142856
0.5090833333333334
0.8853166666666664
-1.0248095238095238
0.6922309523809524
-0.9057261904761905
0.7435499999999999
0.7924833333333333
0.43704761904761913
0.6480642857142856
0.7639142857142857
0.6512809523809523
1.1636666666666664
-0.9249404761904761
-0.8728928571428571
0.49973333333333336
0.6265666666666667
-1.0561666666666665
-0.8299761904761905
-1.1267142857142858
-0.8747738095238095
1.0061666666666664
0.8115
0.547897619047619
0.6112809523809525
0.36695000000000005
0.96185
-0.8677261904761905
-0.9216428571428571
0.8445333333333334
0.5947476190476191
0.6831333333333334
0.5532476190476191
1.1966976190476188
0.7235642857142857
0.5897666666666668
0.7561309523809523
0.7880166666666667
0.5620642857142858
-0.9574166666666666
0.7211142857142857
-1.0521071428571427
0.7103666666666666
-0.8862738095238095
-0.9187595238095237
-1.1415095238095236
-0.9510595238095237
-1.0642738095238093
0.6369000000000001
0.8163833333333332
0.9112499999999999
-0.7212261904761905
0.6097559523809525
-0.9303928571428571
-1.0003595238095238
-1.118809523809524
0.8190166666666665
0.5800642857142857
0.6280000000000001
1.085097619047619
-0.8570595238095239
0.9242999999999997
0.7698666666666665
0.48663333333333336
-0.8512261904761905
1.1148809523809522
0.7466
0.7102999999999999
-0.7651928571428571
0.4627642857142858
-0.8443928571428571
-1.1041666666666665
0.6832809523809524
0.5097833333333334
1.100333333333333
0.7580142857142858
0.6726333333333333
0.8811166666666665
-1.192059523809524
0.5193809523809525
0.4993547619047619
0.895797619047619
-0.9235238095238095
0.537272619047619
0.4682
-0.9120595238095237
-0.7503333333333334
0.4822309523809524
0.732447619047619
-0.9282738095238094
-0.9631904761904762
0.5382142857142856
0.3842666666666667
0.4905476190476191
-0.853
0.6186
0.8647499999999999
0.5332309523809524
0.6476380952380952
-1.0713571428571427
-0.9490833333333334
0.5986976190476191
0.6597309523809524
0.5963333333333334
-1.181692857142857
0.6334309523809524
0.5897309523809524
0.5800642857142857
0.6422976190476191
0.48576428571428576
0.7892642857142858
0.7307666666666667
0.40201666666666674
-0.6629166666666666
-1.0518571428571426
1.1148809523809522
0.6544309523809523
0.8163833333333332
0.6525666666666667
0.6079309523809524
-0.9218309523809524
-1.020692857142857
0.7333666666666667
-1.1188
0.6552666666666667
0.67575
-0.9422261904761905
0.24591666666666667
-0.9460428571428571
0.6037809523809524
-0.8235928571428571
-0.8509761904761904
-0.7700833333333332
0.7168833333333333
-0.7062166666666666
-0.9574571428571428
-0.8413928571428572
0.5350642857142857
-0.923104761904762
0.8772976190476189
0.6835809523809523
0.6953619047619047
-0.7875
-0.8000261904761904
0.6119904761904762
0.597197619047619
0.7074666666666666
0.6226499999999999
0.5034000000000001
0.9078999999999998
0.5728166666666668
-0.7037761904761906
0.64415
0.5482142857142858
-0.925797619047619
0.5747809523809525
0.7997833333333333
-0.932059523809524
0.7889166666666666
0.6866809523809524
0.5651809523809523
0.6512809523809523
0.7767999999999999
-1.2062095238095238
0.43685000000000007
-1.0069261904761906
-1.0180095238095237
-0.6896095238095238
-1.0757976190476188
0.8005333333333333
0.46736666666666665
-0.7906428571428571
1.0551333333333333
0.7161666666666666
-0.9240095238095238
-0.8889404761904761
0.6485
-0.9298928571428571
0.38815000000000005
1.0380666666666667
-1.0470976190476189
0.4818642857142857
0.6077500000000001
0.6158666666666668
-0.8679761904761905
0.6528333333333333
0.933033333333333
-1.0142761904761903
0.80685
0.17428333333333332
0.48603095238095245
-0.9672738095238096
0.7185166666666666
-0.8139071428571427
1.1612666666666667
1.1952499999999997
0.6531333333333335
1.1028642857142859
0.5009309523809524
0.6107642857142858
-1.0402261904761907
-1.0841095238095237
0.39166666666666666
0.7179999999999999
0.7526809523809523
0.6512476190476191
0.6419666666666666
0.6617999999999999
0.5724976190476191
-0.9995595238095238
0.502
-1.0312261904761904
0.6482666666666667
0.4827142857142857
0.7446499999999998
0.4237309523809525
0.72735
-0.8070833333333334
-1.09375
0.5587000000000001
-0.8874833333333332
-0.8986428571428572
0.5748833333333334
-1.0404761904761906
0.6780666666666667
0.7834666666666664
-1.12475
0.5747666666666666
0.5597809523809525
0.8578333333333331
0.6528999999999999
0.619547619047619
0.654897619047619
0.3353166666666666
-1.0139761904761906
0.6880833333333334
-0.7396166666666667
-0.8630261904761906
0.7787999999999999
0.4501309523809524
0.6121642857142858
-0.8893095238095239
0.9259666666666666
0.8780833333333331
-0.9165595238095238
0.6833142857142857
-1.0465595238095238
-0.8166809523809523
0.71585
-0.9456428571428572
0.43034999999999995
0.7511666666666665
0.7955166666666666
0.6863309523809523
0.5288333333333333
0.6074642857142858
-1.1241571428571429
-0.7164166666666666
1.0864166666666664
0.5475476190476192
0.5824333333333331
0.46606428571428576
-0.8999261904761905
0.70625
0.7485809523809525
-0.9591999999999999
0.7918999999999998
0.48931666666666673
-0.7057833333333333
0.5217142857142858
0.7043642857142857
0.5467809523809524
0.2495
-0.920342857142857
0.8241666666666667
1.0930666666666664
0.6005166666666666
-0.8782738095238095
0.6468476190476192
0.6874666666666667
0.9545809523809524
0.36404999999999993
0.6237642857142858
0.6779333333333334
0.4607166666666667
1.1353642857142858
-1.0211309523809522
0.5757666666666666
0.739497619047619
-0.8850595238095237
0.3027166666666667
-1.0690238095238096
0.5830666666666667
0.41140000000000004
0.9301976190476189
-1.1644738095238096
0.41
-1.0853833333333331
0.6298976190476191
0.642447619047619
-0.7458499999999999
1.0217166666666664
0.3826166666666667
0.6426142857142858
0.46048333333333336
0.8115
0.6668166666666667
0.5972666666666666
0.6301666666666668
0.1940666666666667
0.43895952380952385
1.2107166666666664
0.6277142857142857
0.8580761904761902
0.6318666666666667
-1.0988928571428571
0.6868833333333332
0.6230976190476191
0.7860999999999998
0.7181333333333333
-1.0604166666666666
-1.21625
0.5175976190476191
0.49363095238095245
0.6329309523809524
-0.8946999999999999
0.6413142857142858
1.0121999999999998
-0.7438095238095238
0.7300166666666666
-0.026549999999999997
0.0
0.29259999999999997
0.6557888888888889
0.6033666666666667
0.7981499999999999
0.3973976190476191
0.8778333333333331
-0.7305999999999999
1.1287166666666661
0.5721833333333334
0.8062666666666666
0.6886666666666666
0.6865999999999999
0.8473333333333333
0.7642166666666665
0.25775
0.7696809523809522
0.95495
0.7740666666666666
0.9472166666666665
0.789197619047619
-0.8223595238095238
0.8022809523809523
-0.77
0.6339166666666668
-0.8483333333333334
0.8906666666666664
-0.8330595238095239
0.7217666666666667
-0.9229166666666667
0.41878095238095236
0.28221666666666667
-0.9264333333333334
-0.8074666666666667
-0.09741666666666667
0.48390000000000005
1.0863333333333332
0.5982499999999998
0.4188166666666667
1.0940166666666666
1.00995
-0.9720833333333334
-0.7057833333333333
0.5568809523809524
-0.9482595238095238
0.7949499999999998
-0.8774761904761905
-0.8510595238095239
-1.11175
0.472797619047619
0.5211142857142858
0.574997619047619
0.5915809523809524
-0.8196666666666668
0.46836666666666665
0.7284333333333333
1.0814833333333331
1.004933333333333
0.8316833333333332
0.7459333333333332
0.6315833333333334
-1.1401309523809522
0.589547619047619
0.6407142857142858
0.7594833333333333
-0.8843071428571427
-0.896
-0.9993333333333334
0.5999476190476192
0.6415809523809524
0.7482166666666665
0.895797619047619
-0.9167738095238095
1.0905166666666666
-0.9600595238095239
0.9352333333333332
0.6259476190476191
0.6347809523809523
-0.6907428571428571
0.44300000000000006
0.6104142857142857
0.6364833333333334
-0.9696095238095238
0.4383476190476191
0.7963642857142855
0.7796833333333333
0.6653309523809524
0.71405
0.6195166666666667
0.5324333333333333
0.9125166666666665
0.6110333333333333
-1.0983238095238093
0.5082642857142858
0.5560142857142857
0.6281976190476193
-0.6452166666666667
0.7173809523809525
0.5362833333333334
0.6886976190476191
-0.9535595238095237
1.2022
-0.8876666666666666
0.8846666666666664
0.6780309523809523
0.6511809523809525
0.5855976190476191
0.5784166666666667
-0.9530595238095239
-0.9948
0.8171833333333332
-0.8882595238095238
0.6652166666666667
0.671097619047619
0.6581666666666668
0.7498476190476191
-0.7997761904761905
0.8070499999999998
0.9156499999999999
0.6808142857142857
-0.96225
0.38618095238095235
0.577247619047619
0.6026976190476191
-0.8259761904761905
0.7057309523809524
-1.0253928571428572
0.9780142857142856
0.6336976190476191
-1.0902738095238096
-0.6965166666666666
0.6146333333333334
-0.8848928571428571
0.5518309523809525
0.8423333333333333
0.804497619047619
0.35706666666666664
0.86585
-0.8205
-0.7727761904761904
0.741947619047619
-0.7753095238095239
0.5800642857142858
0.5047476190476191
-0.18800714285714284
-0.9051666666666668
-1.0643809523809522
-0.8553095238095239
0.5552833333333335
0.8387166666666667
0.6028666666666668
1.0918809523809523
0.6443500000000001
-1.054142857142857
0.691847619047619
0.724497619047619
0.7057166666666665
-0.5549166666666667
0.6150309523809524
-0.946047619047619
0.5031166666666668
0.6705142857142857
-0.9319761904761905
0.7459333333333332
0.5775309523809524
-0.9876428571428572
-0.7986166666666666
-0.8710833333333333
0.7741
0.5126000000000001
0.555747619047619
0.6150976190476191
-0.8558428571428572
0.6945333333333334
0.6089476190476192
0.5823642857142858
-0.8910928571428571
0.6665809523809525
0.6112142857142858
0.48931666666666673
0.9198499999999998
0.5156916666666667
1.1290142857142855
0.4993547619047619
0.6473619047619048
0.6587999999999999
0.7253309523809525
1.0789999999999997
-0.7474095238095237
-0.7413833333333332
-0.998
0.513647619047619
-0.9946428571428572
0.693897619047619
-0.9729761904761904
0.8859499999999998
-0.9408833333333333
0.76705
-0.9038809523809525
0.9545809523809524
0.7074666666666666
-0.8433333333333334
0.46005000000000007
-0.9833095238095239
-0.6998333333333333
-0.8466095238095238
-1.133142857142857
-0.9930238095238094
-0.9971428571428571
0.7426999999999998
-1.056309523809524
0.8425142857142859
1.0540476190476193
0.99125
-1.0983928571428572
0.6474642857142857
-0.9354261904761906
-1.0519761904761906
0.5171666666666667
0.7301809523809524
0.7586166666666667
0.8577833333333335
0.7828642857142857
0.5459642857142858
1.1085833333333333
0.41140000000000004
0.4319166666666666
0.6465833333333333
-0.7886666666666667
0.8155642857142855
0.5258309523809526
0.446847619047619
0.4139500000000001
0.6779499999999999
0.6879023809523809
0.574747619047619
-0.8145928571428571
0.609197619047619
0.6452333333333332
0.6078309523809524
0.5675309523809524
0.7990333333333333
0.6703
0.23779999999999998
-1.0006309523809525
0.5835833333333333
0.8386333333333332
0.5902452380952382
-1.006142857142857
-0.9352595238095239
-1.0309761904761905
0.527897619047619
-0.25339999999999996
0.63465
-0.8640595238095239
0.5977166666666667
0.5640809523809525
0.5760142857142856
0.6939309523809525
0.7025
-0.6716333333333333
0.7912142857142856
0.565747619047619
0.5193809523809525
-0.9048928571428572
-1.116
-0.8839166666666668
0.6158666666666668
-0.6377333333333333
0.5353309523809523
0.601047619047619
0.8773333333333332
0.66445
-0.6775833333333332
-0.9397238095238094
0.7635571428571428
-0.8253928571428572
-0.77425
-1.0990595238095238
0.513547619047619
-1.0199142857142858
0.3905833333333334
0.7428666666666666
0.8093666666666666
0.8230166666666666
0.7916333333333332
-0.7045
0.617247619047619
1.1314999999999997
-0.8893095238095239
0.7335499999999999
-0.9958928571428571
0.6557
0.6653142857142855
0.6989166666666666
0.5914476190476191
0.8120833333333334
0.5636333333333333
-0.812192857142857
-0.9509761904761905
0.6580976190476191
0.5890642857142858
0.6423666666666668
-0.828842857142857
0.5800642857142857
0.6976666666666667
-0.8976428571428571
0.7177166666666666
0.8712166666666664
0.8142166666666664
0.6486785714285714
-0.9937404761904762
0.8429833333333332
1.0317666666666665
0.7057309523809524
0.8233666666666666
-0.8284166666666667
-0.8578928571428571
-0.9303904761904761
-0.8081261904761905
0.67925
0.7091222222222222
-0.9443928571428571
0.559197619047619
0.6674333333333333
0.6809309523809525
0.6152309523809525
-0.9307261904761904
-0.9230595238095237
0.62205
-0.8017261904761905
1.0015333333333332
-0.9758071428571428
0.6405571428571429
-0.9291404761904762
-0.8852261904761904
0.6079309523809524
-0.8395166666666667
0.6837166666666665
-0.8610261904761904
0.7630833333333333
0.72605
-0.7443333333333333
0.6481642857142857
0.5726309523809524
-0.7446333333333334
0.7767833333333332
0.45133333333333336
0.8854166666666667
0.6334309523809524
0.5065833333333334
0.8258166666666666
-1.002392857142857
0.6161309523809524
0.9635833333333332
0.48026666666666673
0.6342142857142857
-0.9124761904761904
-1.07925
0.5532476190476191
0.6509142857142857
0.6817142857142857
1.0481666666666665
-0.846442857142857
-0.9783904761904761
0.6831476190476191
0.6206333333333333
-0.7223166666666667
0.8314
0.6040809523809524
0.5822809523809523
-0.8848095238095239
0.5756166666666667
0.683
-0.9196761904761905
0.5826476190476192
0.6038
-1.03575
0.5416309523809524
0.6899833333333334
0.9833142857142855
0.609197619047619
-1.1644738095238096
0.5175833333333333
0.5567166666666669
0.7790666666666665
0.685297619047619
0.42031428571428575
0.7790999999999999
0.472797619047619
0.5857833333333334
0.5645309523809524
0.5906142857142858
0.6546500000000001
-0.8797261904761905
-0.6452166666666667
-0.9655595238095237
0.8062142857142857
0.7949333333333333
-1.0154666666666667
0.6486785714285714
-0.857842857142857
-0.9347095238095238
0.8350666666666665
0.3874000000000001
0.675047619047619
-0.8246428571428572
-0.8439761904761904
0.769847619047619
0.4319166666666666
0.5292166666666667
-1.0237261904761905
0.5705642857142855
0.9361166666666666
-1.1150595238095238
0.5666309523809524
0.7557833333333333
0.6901476190476189
0.5174500000000001
-0.8949261904761905
-0.9588571428571427
0.4635166666666667
-0.7849166666666666
0.5529166666666666
0.9274833333333332
-0.9513095238095237
-0.8259761904761905
0.6871309523809523
-1.0465238095238094
0.9112499999999999
-0.9405595238095239
0.5121642857142858
0.8754666666666666
0.5657166666666666
0.5130142857142858
0.6145142857142859
-0.9008928571428572
-0.899
0.7716166666666667
0.8525499999999999
-0.6725333333333333
0.8018333333333334
0.5509833333333334
0.6392642857142857
-0.823592857142857
0.5977166666666667
0.729047619047619
0.5828833333333333
-0.8214833333333332
0.55475
0.7145499999999999
-0.9283071428571427
0.679747619047619
-0.9256309523809524
-0.8282738095238096
-0.8778333333333334
-0.9452595238095238
-0.8598833333333333
0.7177142857142857
0.8115
0.6991833333333334
-0.9352261904761906
-1.0479833333333333
-0.9716309523809523
1.0918809523809523
-0.9071714285714285
-1.2960238095238097
0.44706666666666667
1.0541666666666665
0.4509500000000001
-0.9354261904761906
0.9242499999999998
0.5651809523809525
0.559797619047619
0.6018809523809525
-1.0119761904761906
-1.1498904761904762
0.7328
-1.1693
0.6175476190476191
0.3299666666666667
0.8068166666666665
0.6927142857142855
0.8678499999999998
0.5655833333333333
0.44973333333333343
-0.917497619047619
-0.84895
0.7542166666666665
0.8182
0.7830833333333332
1.103333333333333
0.9418166666666666
-0.8687261904761905
-0.8964261904761905
0.7217333333333333
-0.9136428571428571
1.2359499999999997
-0.9680904761904762
0.5989142857142858
-0.9099404761904761
0.5652642857142858
0.8129166666666666
0.628797619047619
0.4985500000000001
0.6654166666666668
-0.8844404761904762
-0.8938095238095238
-0.7023833333333334
-0.9303571428571428
0.3826166666666667
0.5382642857142859
0.8841142857142856
0.8478666666666665
0.40263333333333334
0.795047619047619
0.7880166666666667
0.8221499999999998
0.5398500000000002
0.6716642857142857
0.4624000000000001
